0.000000000000000000e+00 0.000000000000000000e+00 0.000000000000000000e+00
1.000000000000000000e+00 4.005184389688277724e-01 -1.124847054177469108e-02
2.000000000000000000e+00 8.316863117825139540e-01 6.211453513997521048e-02
3.000000000000000000e+00 1.122579253372501196e+00 9.888664835648854068e-02
4.000000000000000000e+00 1.107855955330265818e+00 1.180279790465835615e-01
5.000000000000000000e+00 8.897557162104723361e-01 2.179191040780792954e-01
6.000000000000000000e+00 9.370829452155393646e-01 3.318999107667272019e-01
7.000000000000000000e+00 8.591075951435018787e-01 2.751125970194125414e-01
8.000000000000000000e+00 1.015121517938426754e+00 3.679844698231166111e-01
9.000000000000000000e+00 9.140357931225563393e-01 4.213862908996300338e-01
1.000000000000000000e+01 9.360500591492179057e-01 4.202163155376856807e-01
1.100000000000000000e+01 8.990681272833115356e-01 4.372746737407415263e-01
1.200000000000000000e+01 8.209998892080911936e-01 5.075530358852833324e-01
1.300000000000000000e+01 7.601901776215155282e-01 4.883409365300994120e-01
1.400000000000000000e+01 8.057403000686951255e-01 5.589252876239665380e-01
1.500000000000000000e+01 7.220072082093903498e-01 5.566365984602583694e-01
1.600000000000000000e+01 8.761551496812418627e-01 5.643358629407232430e-01
1.700000000000000000e+01 7.864924913069890611e-01 5.366897150411514827e-01
1.800000000000000000e+01 6.774546799846676848e-01 6.024395163496147898e-01
1.900000000000000000e+01 7.176965109119474162e-01 5.604976626243163285e-01
2.000000000000000000e+01 8.305410767731526978e-01 5.778302575572231703e-01
2.100000000000000000e+01 6.943690489643475905e-01 5.839613426715425382e-01
2.200000000000000000e+01 5.118107806402603099e-01 5.931347453764627131e-01
2.300000000000000000e+01 7.406992131209493291e-01 6.455556867198541937e-01
2.400000000000000000e+01 6.587833385287411581e-01 6.357343754125349689e-01
2.500000000000000000e+01 4.854017856300811284e-01 6.578752729580498171e-01
2.600000000000000000e+01 5.989424066571886751e-01 6.031260807754366127e-01
2.700000000000000000e+01 5.570860743028792639e-01 5.732223726057521507e-01
2.800000000000000000e+01 5.378472633839735950e-01 6.181707200423115500e-01
2.900000000000000000e+01 5.418493466192536578e-01 6.482716181504625252e-01
3.000000000000000000e+01 4.675996329695932263e-01 6.607468605146582519e-01
3.100000000000000000e+01 4.775589013360222457e-01 6.159273803105828060e-01
3.200000000000000000e+01 5.718562017261651365e-01 6.241403019839372179e-01
3.300000000000000000e+01 3.974126765660165317e-01 6.579913701579590546e-01
3.400000000000000000e+01 5.080733584537230341e-01 6.256395722935977899e-01
3.500000000000000000e+01 4.684776529330056394e-01 6.512468765857351016e-01
3.600000000000000000e+01 3.777716379509628020e-01 6.101208326289431216e-01
3.700000000000000000e+01 4.091856545698109859e-01 6.020349861132602287e-01
3.800000000000000000e+01 4.112701054392370326e-01 6.079322930629561528e-01
3.900000000000000000e+01 2.670933360230846043e-01 5.764369033612947169e-01
4.000000000000000000e+01 2.734870256293738255e-01 5.917629453565091957e-01
4.100000000000000000e+01 3.056469355404805022e-01 6.081651723936226661e-01
4.200000000000000000e+01 1.273395337646096581e-01 5.946140324025435131e-01
4.300000000000000000e+01 2.914110895454451178e-02 5.699665486189484653e-01
4.400000000000000000e+01 -5.398128501845596006e-01 5.191619447252540098e-01
4.500000000000000000e+01 -9.128265508149094876e-01 4.126766509229092272e-01
4.600000000000000000e+01 -1.153726585803380056e+00 2.992053709079970369e-01
4.700000000000000000e+01 -1.030274350399493111e+00 3.344336322018047203e-01
4.800000000000000000e+01 -1.108084606891175827e+00 2.741286085182788601e-01
4.900000000000000000e+01 -9.000538319291085942e-01 2.044229291062069354e-01
5.000000000000000000e+01 -8.438361442638990795e-01 1.347515277979532133e-01
5.100000000000000000e+01 -1.095109966757512376e+00 1.551879722143389706e-01
5.200000000000000000e+01 -1.032935919205971498e+00 8.270250566819563331e-02
5.300000000000000000e+01 -9.343331693964185281e-01 4.125557289549146994e-02
5.400000000000000000e+01 -9.454700269676585833e-01 7.614300013480259505e-03
5.500000000000000000e+01 -9.259667959913189250e-01 6.100097346344785648e-02
5.600000000000000000e+01 -7.482562075269492130e-01 -2.810596578475866789e-02
5.700000000000000000e+01 -9.217918454430353847e-01 -6.946318695840267288e-02
5.800000000000000000e+01 -7.383320876697935242e-01 -1.377176184436488815e-01
5.900000000000000000e+01 -6.827670514480855823e-01 -1.011155313448432735e-01
6.000000000000000000e+01 -6.453642562347897682e-01 -1.422250149216677806e-01
6.100000000000000000e+01 -7.084552722948125325e-01 -8.011205306452659491e-02
6.200000000000000000e+01 -7.296502176393103722e-01 -1.222364518518554294e-01
6.300000000000000000e+01 -5.547243583885392848e-01 -1.641572224626664522e-01
6.400000000000000000e+01 -6.658388135678483533e-01 -1.151934058600722066e-01
6.500000000000000000e+01 -6.587405214379941087e-01 -1.521270579124056332e-01
6.600000000000000000e+01 -6.268580145953592808e-01 -1.652322913670601912e-01
6.700000000000000000e+01 -6.315446779897999630e-01 -1.525271712490818554e-01
6.800000000000000000e+01 -5.195761820871707126e-01 -1.970670688333023834e-01
6.900000000000000000e+01 -4.429155330146284930e-01 -1.611847000041969902e-01
7.000000000000000000e+01 -5.155134086644089786e-01 -1.855626772380591094e-01
7.100000000000000000e+01 -3.878655574951664908e-01 -1.627272985125247096e-01
7.200000000000000000e+01 -4.083768782003727171e-01 -2.156897363312415827e-01
7.300000000000000000e+01 -2.517171240240647090e-01 -1.892020827121234927e-01
7.400000000000000000e+01 -3.532596132575995806e-01 -1.352658933865449054e-01
7.500000000000000000e+01 -4.268649857483911569e-01 -1.844736954588051814e-01
7.600000000000000000e+01 -1.650127878425959871e-01 -1.234431226597579867e-01
7.700000000000000000e+01 3.755197328924251843e-01 -6.391336300048694463e-02
7.800000000000000000e+01 9.280877079186798939e-01 -6.328427528131823354e-02
7.900000000000000000e+01 9.974458955361060752e-01 -5.145698422549065815e-03
8.000000000000000000e+01 1.175402365100842506e+00 5.050360568409419104e-02
8.100000000000000000e+01 1.158230960723554581e+00 1.161274242412456970e-01
8.200000000000000000e+01 1.065884715857130516e+00 2.434347416006745757e-01
8.300000000000000000e+01 1.019914468602806767e+00 3.033575455425370215e-01
8.400000000000000000e+01 9.520195521628419533e-01 2.620742872371565335e-01
8.500000000000000000e+01 9.652907448246248467e-01 3.589838664635218168e-01
8.600000000000000000e+01 8.265600679224133218e-01 3.777094202612088503e-01
8.700000000000000000e+01 9.574072519036016526e-01 3.799458464598018947e-01
8.800000000000000000e+01 8.981573241692126786e-01 3.925563097629199971e-01
8.900000000000000000e+01 9.144638639008088044e-01 4.414683439088653572e-01
9.000000000000000000e+01 9.346977986328575128e-01 4.701143174375744249e-01
9.100000000000000000e+01 8.332060172520356911e-01 4.842080188768937421e-01
9.200000000000000000e+01 7.032458664262123404e-01 5.507356429330857450e-01
9.300000000000000000e+01 6.400208196116474735e-01 5.486543365178175868e-01
9.400000000000000000e+01 8.006258688582544858e-01 5.681624242038670891e-01
9.500000000000000000e+01 6.800437967588497390e-01 5.427447656666745113e-01
9.600000000000000000e+01 7.236910582920835777e-01 5.931746509572567438e-01
9.700000000000000000e+01 6.040821571927906808e-01 6.004845734578185823e-01
9.800000000000000000e+01 6.085646379661715510e-01 6.147188492217503519e-01
9.900000000000000000e+01 6.330295709991102804e-01 6.248006648189936563e-01
1.000000000000000000e+02 6.093166118439304890e-01 6.064770405263771869e-01
1.010000000000000000e+02 6.374495153840226136e-01 6.634709277671630989e-01
1.020000000000000000e+02 6.232198160054678304e-01 6.388472583386670678e-01
1.030000000000000000e+02 6.045083686808649936e-01 6.020800839437027152e-01
1.040000000000000000e+02 5.393616038600437257e-01 6.305400496521296194e-01
1.050000000000000000e+02 5.517003036715876219e-01 6.168423651595000834e-01
1.060000000000000000e+02 4.578977429847012059e-01 6.432458594751457870e-01
1.070000000000000000e+02 5.102302868195921493e-01 6.008932486580392807e-01
1.080000000000000000e+02 4.960108369426076136e-01 6.227377259404578425e-01
1.090000000000000000e+02 6.160277832243645779e-01 6.069622708911009967e-01
1.100000000000000000e+02 5.405674424654188792e-01 6.022742884256450102e-01
1.110000000000000000e+02 5.712840189163670424e-01 6.492325869235294755e-01
1.120000000000000000e+02 5.231402156869269238e-01 6.136955476045247160e-01
1.130000000000000000e+02 5.615737052269977880e-01 6.453442853491542230e-01
1.140000000000000000e+02 4.445013431113837843e-01 5.785647102893959337e-01
1.150000000000000000e+02 3.939873445981138533e-01 6.724373313483827941e-01
1.160000000000000000e+02 5.065705197579749575e-01 6.316232617672327132e-01
1.170000000000000000e+02 3.646622900781454901e-01 6.052987945848606888e-01
1.180000000000000000e+02 2.185813858374423546e-01 5.439420817932379970e-01
1.190000000000000000e+02 2.399416559326948972e-01 5.647257815937885006e-01
1.200000000000000000e+02 9.903099006223711753e-02 5.916741945376631229e-01
1.210000000000000000e+02 3.117961608835475434e-02 5.334146294467697613e-01
1.220000000000000000e+02 -7.767092489464562099e-01 5.035510043852237105e-01
1.230000000000000000e+02 -1.091514501475773891e+00 4.402494706981019967e-01
1.240000000000000000e+02 -1.096351023094849664e+00 3.590481013138088762e-01
1.250000000000000000e+02 -1.023514142914649483e+00 2.573274741057073323e-01
1.260000000000000000e+02 -1.070006987782623042e+00 1.873784077012515814e-01
1.270000000000000000e+02 -8.866842249650340735e-01 1.909095335000357552e-01
1.280000000000000000e+02 -1.067000430195710337e+00 2.116192883641290767e-01
1.290000000000000000e+02 -1.076753849154109544e+00 1.400127541170672063e-01
1.300000000000000000e+02 -9.627818527666307524e-01 1.597582561062238227e-01
1.310000000000000000e+02 -9.138772572004206785e-01 -4.904643303216146139e-02
1.320000000000000000e+02 -7.865601977680840573e-01 4.357124008607009269e-02
1.330000000000000000e+02 -7.792409395870401045e-01 -8.970967513028843196e-03
1.340000000000000000e+02 -9.797360630921460034e-01 -6.286102971955759289e-02
1.350000000000000000e+02 -7.313483787721349882e-01 -8.261925668475950113e-02
1.360000000000000000e+02 -7.619913348988658353e-01 -6.995842097153265327e-02
1.370000000000000000e+02 -8.187082295983749702e-01 -9.526090142522780635e-02
1.380000000000000000e+02 -6.898520124169766898e-01 -1.286070548831226290e-01
1.390000000000000000e+02 -6.780937925588338411e-01 -1.311640979286161635e-01
1.400000000000000000e+02 -6.012530495350150161e-01 -1.996733400337589726e-01
1.410000000000000000e+02 -6.614832086663258170e-01 -1.081857532758652152e-01
1.420000000000000000e+02 -6.285361122207577811e-01 -1.250710221514655940e-01
1.430000000000000000e+02 -6.898589625416061688e-01 -1.883339658096378766e-01
1.440000000000000000e+02 -5.552369863965249674e-01 -1.401932486529894328e-01
1.450000000000000000e+02 -6.682081299133798558e-01 -1.673505869392806211e-01
1.460000000000000000e+02 -5.468303533020668628e-01 -1.740885151187147317e-01
1.470000000000000000e+02 -6.373452313104299716e-01 -1.847061271021921414e-01
1.480000000000000000e+02 -5.875124585954409895e-01 -1.828083554669662214e-01
1.490000000000000000e+02 -5.822057259012157759e-01 -1.917318561928533227e-01
1.500000000000000000e+02 -5.421350138661195084e-01 -1.562489727226452629e-01
1.510000000000000000e+02 -3.560339372844319450e-01 -2.119459864021839002e-01
1.520000000000000000e+02 -3.021120502757629334e-01 -1.695682057233848516e-01
1.530000000000000000e+02 -2.257232295389183518e-01 -2.367479155994574314e-01
1.540000000000000000e+02 -6.632045759539230423e-02 -2.023766785922360700e-01
1.550000000000000000e+02 3.499739067238396562e-01 -1.289534348571864386e-01
1.560000000000000000e+02 1.104539255804371400e+00 -1.332645950165649643e-02
1.570000000000000000e+02 1.171320891312398027e+00 2.071631293241798372e-02
1.580000000000000000e+02 1.008470481961444065e+00 6.030813800894877647e-02
1.590000000000000000e+02 1.024456143133529507e+00 1.850687312756799652e-01
1.600000000000000000e+02 1.023726815453414263e+00 1.359385775558539233e-01
1.610000000000000000e+02 1.084295561566349653e+00 2.554933262373556002e-01
1.620000000000000000e+02 9.790058965566057481e-01 3.730808107341792024e-01
1.630000000000000000e+02 9.042177236947693819e-01 3.292833118522361935e-01
1.640000000000000000e+02 9.273544155639797948e-01 3.497385256343558124e-01
1.650000000000000000e+02 9.283942221119406701e-01 4.708169120057975054e-01
1.660000000000000000e+02 9.966003505516582983e-01 4.593274671388724584e-01
1.670000000000000000e+02 9.167402539072634360e-01 4.717524794898896867e-01
1.680000000000000000e+02 7.487275985838937054e-01 5.544749452603330298e-01
1.690000000000000000e+02 8.504553721456550308e-01 4.987051496856669819e-01
1.700000000000000000e+02 7.267957580419890373e-01 5.132827472351795262e-01
1.710000000000000000e+02 7.782518134232275786e-01 5.929954259804018912e-01
1.720000000000000000e+02 8.265588302875273019e-01 5.501513853623564154e-01
1.730000000000000000e+02 6.707819420633270857e-01 5.734913490640831668e-01
1.740000000000000000e+02 8.107670155616043539e-01 5.472579866988501740e-01
1.750000000000000000e+02 6.431226627887923764e-01 6.169958839156364228e-01
1.760000000000000000e+02 7.010284926239058745e-01 6.281270913057032113e-01
1.770000000000000000e+02 6.324306414288459743e-01 6.271811813355560039e-01
1.780000000000000000e+02 6.020920759138926881e-01 6.773490992309527670e-01
1.790000000000000000e+02 7.368904604929970015e-01 5.972958795230035589e-01
1.800000000000000000e+02 6.109889695947071653e-01 6.420050385585250874e-01
1.810000000000000000e+02 6.272123500212256619e-01 6.628989980310728836e-01
1.820000000000000000e+02 5.067569475626994002e-01 6.696410316108649674e-01
1.830000000000000000e+02 5.826020794573776307e-01 6.479410322531270472e-01
1.840000000000000000e+02 5.647908613660574950e-01 6.584567437772489429e-01
1.850000000000000000e+02 4.614585905926469334e-01 6.498085676379131703e-01
1.860000000000000000e+02 5.892729409874102320e-01 6.106233687388342712e-01
1.870000000000000000e+02 3.864212050416125366e-01 6.226140002004664220e-01
1.880000000000000000e+02 4.892947653734797675e-01 5.652906354114503040e-01
1.890000000000000000e+02 3.633222266775301135e-01 6.806839600122558398e-01
1.900000000000000000e+02 4.319535665381197820e-01 6.389149067116070002e-01
1.910000000000000000e+02 5.991902131871921222e-01 6.012727711710998957e-01
1.920000000000000000e+02 4.525152343843097391e-01 6.357769467728955348e-01
1.930000000000000000e+02 3.664017765199646393e-01 6.011676784055842715e-01
1.940000000000000000e+02 4.544134808256651281e-01 6.144201870733446702e-01
1.950000000000000000e+02 3.763998017282045860e-01 5.492523303454744932e-01
1.960000000000000000e+02 1.175707519662738676e-01 5.792923042916310328e-01
1.970000000000000000e+02 2.745357328267389319e-01 5.801955200921536937e-01
1.980000000000000000e+02 1.205103688912056159e-01 5.843316322585169198e-01
1.990000000000000000e+02 -3.678936035653508352e-01 5.137037408459999011e-01
2.000000000000000000e+02 -7.625751335274134624e-01 5.451845832975876771e-01
2.010000000000000000e+02 -9.753005030567021283e-01 4.235977192000214275e-01
2.020000000000000000e+02 -1.013024449056825871e+00 3.318052816278795891e-01
2.030000000000000000e+02 -1.068390910599676058e+00 3.048275850705705059e-01
2.040000000000000000e+02 -9.901274907316717222e-01 2.834365227840564549e-01
2.050000000000000000e+02 -8.606495123523972834e-01 2.583191647468623953e-01
2.060000000000000000e+02 -1.062486137075902448e+00 1.826694177907022820e-01
2.070000000000000000e+02 -1.013083470158916644e+00 8.571379623400118830e-02
2.080000000000000000e+02 -1.018603696810851389e+00 4.435802787213620479e-02
2.090000000000000000e+02 -9.934701445190078362e-01 4.790830060140584962e-02
2.100000000000000000e+02 -8.695966825701386682e-01 -3.503184369402213838e-02
2.110000000000000000e+02 -7.524598433565641287e-01 -7.009090504050699555e-02
2.120000000000000000e+02 -8.401619913780737914e-01 -9.247722175756721563e-02
2.130000000000000000e+02 -8.276494300127774650e-01 -5.912399389741192224e-02
2.140000000000000000e+02 -7.725146484434203265e-01 -4.987413926069974440e-02
2.150000000000000000e+02 -8.571617114795468950e-01 -8.698334045793970626e-02
2.160000000000000000e+02 -7.922479995417109899e-01 -1.353853271881586273e-01
2.170000000000000000e+02 -6.900638371441363272e-01 -1.905160580239423362e-01
2.180000000000000000e+02 -6.825413268091730101e-01 -1.941783196796196820e-01
2.190000000000000000e+02 -6.862063643369623600e-01 -2.115478825951548347e-01
2.200000000000000000e+02 -6.050215191260600589e-01 -1.822861604355119902e-01
2.210000000000000000e+02 -5.621043532753237093e-01 -1.601185032619212023e-01
2.220000000000000000e+02 -6.039612295337521974e-01 -1.502799372751453255e-01
2.230000000000000000e+02 -6.867517907656186527e-01 -1.618241447801402333e-01
2.240000000000000000e+02 -6.751263817797369393e-01 -1.902251913878360567e-01
2.250000000000000000e+02 -5.338757176965877038e-01 -1.649313505169301974e-01
2.260000000000000000e+02 -6.332134910491483692e-01 -1.738597532042606975e-01
2.270000000000000000e+02 -5.300825598256873050e-01 -1.907679787234704827e-01
2.280000000000000000e+02 -5.663556778819242021e-01 -1.527572939014257003e-01
2.290000000000000000e+02 -3.904954659478316326e-01 -1.592454970116988222e-01
2.300000000000000000e+02 -2.533755342046113412e-01 -1.675312870197971093e-01
2.310000000000000000e+02 -1.264849949699387299e-01 -1.674476660445758658e-01
2.320000000000000000e+02 5.391119887803896144e-02 -2.033205960463206896e-01
2.330000000000000000e+02 6.727751137403406023e-01 -1.416074507957442719e-01
2.340000000000000000e+02 1.057261613896991692e+00 -2.625558787304332550e-02
2.350000000000000000e+02 1.201956006390977327e+00 7.215296985888186576e-02
2.360000000000000000e+02 1.018401414454609188e+00 1.130011163657361206e-01
2.370000000000000000e+02 9.468743608642455900e-01 1.673303049371390461e-01
2.380000000000000000e+02 1.089387901424902827e+00 1.673695089121192137e-01
2.390000000000000000e+02 9.116177377994442166e-01 2.494624764748228640e-01
2.400000000000000000e+02 9.223135374524441543e-01 3.234855357642373308e-01
2.410000000000000000e+02 8.921297452392108474e-01 3.052196889354770182e-01
2.420000000000000000e+02 8.702116372342492134e-01 4.150378857696995771e-01
2.430000000000000000e+02 8.920251350075741881e-01 4.762890719267348638e-01
2.440000000000000000e+02 8.143376018306359709e-01 4.310689928746633259e-01
2.450000000000000000e+02 9.005981488011647329e-01 4.697394492256757315e-01
2.460000000000000000e+02 7.933214494878711998e-01 4.755647679489385382e-01
2.470000000000000000e+02 8.247791784768373491e-01 4.874180163327423432e-01
2.480000000000000000e+02 7.795049975657388774e-01 5.658974917600755328e-01
2.490000000000000000e+02 8.093003633674208386e-01 5.329107777959893877e-01
2.500000000000000000e+02 6.750977633696607638e-01 5.710103821731956630e-01
2.510000000000000000e+02 8.785443025486465718e-01 5.336274810912963185e-01
2.520000000000000000e+02 7.356580449992877746e-01 5.819675574549034724e-01
2.530000000000000000e+02 7.032258322104358861e-01 5.879994431488702045e-01
2.540000000000000000e+02 7.000033803563837642e-01 6.344742687923157209e-01
2.550000000000000000e+02 6.750620046835592580e-01 5.939503759528204085e-01
2.560000000000000000e+02 7.180592089294459690e-01 6.058768526874108717e-01
2.570000000000000000e+02 7.163436237728372236e-01 6.360178536205013389e-01
2.580000000000000000e+02 6.557863383714807037e-01 6.137312251851674283e-01
2.590000000000000000e+02 5.071376827165762213e-01 6.572296014919435381e-01
2.600000000000000000e+02 6.451175438729267464e-01 6.473299533701755148e-01
2.610000000000000000e+02 5.516968287020550532e-01 5.842766722812201552e-01
2.620000000000000000e+02 5.501834139813643887e-01 5.444740496337968638e-01
2.630000000000000000e+02 5.537991325858322433e-01 6.186476017099413749e-01
2.640000000000000000e+02 5.065366703072048393e-01 6.134485572552250687e-01
2.650000000000000000e+02 3.595611459864894166e-01 6.460535559139749529e-01
2.660000000000000000e+02 4.827252109216703668e-01 5.759812723940127555e-01
2.670000000000000000e+02 4.320475784765331895e-01 6.180578421712413784e-01
2.680000000000000000e+02 5.577449241467309360e-01 6.019908151720150258e-01
2.690000000000000000e+02 4.907913926773975755e-01 6.025091413615809577e-01
2.700000000000000000e+02 2.974137363445633064e-01 6.007616013643229946e-01
2.710000000000000000e+02 4.622262994187442131e-01 6.124695138352728163e-01
2.720000000000000000e+02 2.828483891194447097e-01 5.702099484870785107e-01
2.730000000000000000e+02 3.536441319305688169e-01 6.189200123074373172e-01
2.740000000000000000e+02 4.159784910778391298e-01 5.516466102148281925e-01
2.750000000000000000e+02 3.383096466518016876e-01 5.888019941652931077e-01
2.760000000000000000e+02 1.336756502900064703e-01 5.303663600578658599e-01
2.770000000000000000e+02 -3.614496723909501608e-01 5.605607959789401518e-01
2.780000000000000000e+02 -9.177627242997690171e-01 4.135612556058984035e-01
2.790000000000000000e+02 -9.607526639335393082e-01 4.292022354219255931e-01
2.800000000000000000e+02 -1.089371380155978342e+00 3.772120073057693146e-01
2.810000000000000000e+02 -1.025828911548629652e+00 2.834092414212605604e-01
2.820000000000000000e+02 -1.056144491728865153e+00 2.762993741625738298e-01
2.830000000000000000e+02 -1.015567320153157871e+00 1.605975928385152685e-01
2.840000000000000000e+02 -8.983931320230437167e-01 1.508587026521476249e-01
2.850000000000000000e+02 -1.044634885686053227e+00 9.298182669024908364e-02
2.860000000000000000e+02 -8.946927499911284665e-01 4.340688339481903191e-02
2.870000000000000000e+02 -7.566530241414139990e-01 1.785407540461242393e-02
2.880000000000000000e+02 -8.857507784118118233e-01 -2.010927132121538216e-02
2.890000000000000000e+02 -8.480312907460473282e-01 -1.253790048686883457e-02
2.900000000000000000e+02 -8.371438654849935324e-01 -8.983270009511319654e-02
2.910000000000000000e+02 -8.251183424988959292e-01 -8.577101375193200983e-02
2.920000000000000000e+02 -7.667928195639729383e-01 -7.955009890987974064e-02
2.930000000000000000e+02 -7.625537624991990393e-01 -1.141449280752288853e-01
2.940000000000000000e+02 -6.947019795447613166e-01 -1.349475380839745553e-01
2.950000000000000000e+02 -6.245425862283926488e-01 -1.038950306344551544e-01
2.960000000000000000e+02 -7.497140229588215021e-01 -1.880709198673400362e-01
2.970000000000000000e+02 -7.540438613485408448e-01 -1.306444552994711350e-01
2.980000000000000000e+02 -7.442663991712097360e-01 -1.026864260096780057e-01
2.990000000000000000e+02 -6.813728832310237404e-01 -1.667524647229533252e-01
3.000000000000000000e+02 -5.148148412892088466e-01 -1.932063597176209291e-01
3.010000000000000000e+02 -4.890989550241186534e-01 -1.354976951441180244e-01
3.020000000000000000e+02 -5.217495721075022796e-01 -1.853389217216374896e-01
3.030000000000000000e+02 -6.277581636355485939e-01 -7.624141503238994477e-02
3.040000000000000000e+02 -5.327189448823892448e-01 -1.896618548194526355e-01
3.050000000000000000e+02 -3.785261256056886014e-01 -1.720423882407226268e-01
3.060000000000000000e+02 -3.326797722802080082e-01 -1.804566204889485326e-01
3.070000000000000000e+02 -4.643435425410264439e-01 -1.227409376646481087e-01
3.080000000000000000e+02 -2.957548391635188012e-01 -1.267849777391647781e-01
3.090000000000000000e+02 -1.393086081706744472e-01 -1.464013303234962815e-01
3.100000000000000000e+02 5.634945800632865098e-02 -1.364615627504492390e-01
3.110000000000000000e+02 7.710383874921574732e-01 -9.690519820736812062e-02
3.120000000000000000e+02 9.855315225886294161e-01 -1.733476525346393932e-02
3.130000000000000000e+02 1.070113362356091447e+00 7.796555266542652685e-02
3.140000000000000000e+02 9.952513246995665641e-01 9.256182784310942879e-02
3.150000000000000000e+02 1.100870939109835689e+00 2.032779908632692811e-01
3.160000000000000000e+02 9.716178368799239795e-01 2.348659551334002782e-01
3.170000000000000000e+02 1.042500457329054830e+00 2.834393157655962225e-01
3.180000000000000000e+02 9.122013839309055516e-01 3.011722926089620000e-01
3.190000000000000000e+02 8.756618420687950488e-01 3.755616085007724148e-01
3.200000000000000000e+02 8.309228830668504706e-01 3.839648465975389335e-01
3.210000000000000000e+02 9.034483469606658934e-01 4.701725952553556520e-01
3.220000000000000000e+02 8.450832543415771614e-01 4.400374682970650819e-01
3.230000000000000000e+02 8.357747688309880019e-01 4.461589095215489076e-01
3.240000000000000000e+02 7.967932833154703909e-01 4.653095624933923924e-01
3.250000000000000000e+02 7.843878836650647335e-01 5.449722804685215305e-01
3.260000000000000000e+02 7.931514521066627132e-01 6.030179191535048888e-01
3.270000000000000000e+02 7.763371642930090299e-01 5.911640821838738402e-01
3.280000000000000000e+02 6.871702534587055267e-01 5.713735822229450978e-01
3.290000000000000000e+02 7.761885757514884743e-01 5.869449218511397781e-01
3.300000000000000000e+02 8.480449002786134560e-01 5.569853796743943208e-01
3.310000000000000000e+02 7.450808340576133837e-01 6.201853695157008017e-01
3.320000000000000000e+02 6.456522036386485031e-01 6.097991375502962441e-01
3.330000000000000000e+02 5.580199378836874224e-01 5.885461229474213685e-01
3.340000000000000000e+02 6.471053695698714137e-01 5.716684987269309293e-01
3.350000000000000000e+02 7.111289131821604270e-01 6.262952616136761019e-01
3.360000000000000000e+02 5.251867308658068056e-01 6.216484309342988901e-01
3.370000000000000000e+02 6.664694713707678408e-01 6.433766700880093614e-01
3.380000000000000000e+02 5.752547899868035719e-01 6.087375809042238073e-01
3.390000000000000000e+02 4.820327492488443721e-01 5.951593698513012454e-01
3.400000000000000000e+02 5.198123401959966472e-01 6.410294666831969357e-01
3.410000000000000000e+02 4.317690303127946216e-01 5.958318943787210831e-01
3.420000000000000000e+02 5.618807104085561388e-01 6.766407847058251157e-01
3.430000000000000000e+02 5.173950783331319192e-01 5.810316996690978453e-01
3.440000000000000000e+02 6.065558064217859702e-01 6.519961775559885986e-01
3.450000000000000000e+02 5.069283000522429861e-01 5.240881660575268386e-01
3.460000000000000000e+02 4.647419587996504120e-01 5.907895370807122459e-01
3.470000000000000000e+02 5.287936516781611695e-01 6.068718923671047039e-01
3.480000000000000000e+02 4.544724159322867107e-01 5.287623489530280940e-01
3.490000000000000000e+02 3.813933473417064901e-01 5.731008976229574614e-01
3.500000000000000000e+02 4.455190994450651254e-01 6.394253294190257453e-01
3.510000000000000000e+02 2.828138128019768160e-01 5.889870274317053900e-01
3.520000000000000000e+02 3.372627975098482223e-01 6.331295129168781344e-01
3.530000000000000000e+02 1.829961347540968730e-01 5.923307353104660944e-01
3.540000000000000000e+02 -2.592900081809720869e-03 5.590342906926796251e-01
3.550000000000000000e+02 -5.367958186395196396e-01 5.531953328192144026e-01
3.560000000000000000e+02 -1.045710121925307989e+00 4.295611777892569538e-01
3.570000000000000000e+02 -1.077025985747745551e+00 4.138281446607292580e-01
3.580000000000000000e+02 -1.102685967057950300e+00 3.110810279096634656e-01
3.590000000000000000e+02 -1.154385056089411776e+00 2.856976697856155045e-01
3.600000000000000000e+02 -9.310864492384101077e-01 2.295785054442762430e-01
3.610000000000000000e+02 -9.862026440468036892e-01 2.049651204409498606e-01
3.620000000000000000e+02 -9.930987986546085944e-01 1.412358264175976041e-01
3.630000000000000000e+02 -9.212242161156586340e-01 4.773707795041729623e-02
3.640000000000000000e+02 -8.803672784477126756e-01 3.487867113603089486e-02
3.650000000000000000e+02 -1.017072609238290015e+00 -6.360261773260780793e-03
3.660000000000000000e+02 -7.854381908374844512e-01 2.048788975919922997e-02
3.670000000000000000e+02 -7.631646007151915434e-01 -4.733015557091484887e-02
3.680000000000000000e+02 -9.374728845337010341e-01 -3.934021895339935571e-02
3.690000000000000000e+02 -7.606672599711806759e-01 -1.085909728353502274e-01
3.700000000000000000e+02 -6.484867790184234426e-01 -9.910622670793489686e-02
3.710000000000000000e+02 -7.095428579600333574e-01 -7.594739999898322824e-02
3.720000000000000000e+02 -7.239384152441039610e-01 -1.871741703572165072e-01
3.730000000000000000e+02 -6.339707542715433686e-01 -9.017880565215319333e-02
3.740000000000000000e+02 -8.012338682623960651e-01 -1.822436193182880582e-01
3.750000000000000000e+02 -6.433571894169907157e-01 -1.781226549662414116e-01
3.760000000000000000e+02 -6.418123151355356049e-01 -1.059781685437605897e-01
3.770000000000000000e+02 -5.947816822203590981e-01 -1.730092263586951729e-01
3.780000000000000000e+02 -5.329563600722347916e-01 -1.451841673095086160e-01
3.790000000000000000e+02 -5.127734948481290633e-01 -1.607129928814616249e-01
3.800000000000000000e+02 -4.774987961580451357e-01 -2.179260823064207153e-01
3.810000000000000000e+02 -6.024839507114916337e-01 -1.969257069323107623e-01
3.820000000000000000e+02 -5.708501385986102239e-01 -1.894012086061595546e-01
3.830000000000000000e+02 -4.394037066720838380e-01 -1.797094705788038760e-01
3.840000000000000000e+02 -4.306816098103573021e-01 -2.144321838105915090e-01
3.850000000000000000e+02 -3.088598853382964471e-01 -1.456725338481421606e-01
3.860000000000000000e+02 -2.763235637187220761e-01 -1.869464785575306043e-01
3.870000000000000000e+02 -1.306910246110213614e-01 -1.017041484642555726e-01
3.880000000000000000e+02 3.212065775819936131e-01 -1.083080100769394510e-01
3.890000000000000000e+02 7.914976296799463018e-01 -5.443036497340498353e-02
3.900000000000000000e+02 1.128228594887735969e+00 -4.359887013195372536e-03
3.910000000000000000e+02 1.134248470829374966e+00 6.263372108877067468e-02
3.920000000000000000e+02 1.129001364920302564e+00 1.660800814930930847e-01
3.930000000000000000e+02 1.133637797129036562e+00 1.376132610732967720e-01
3.940000000000000000e+02 1.061881322673242645e+00 2.256491334574014240e-01
3.950000000000000000e+02 1.054237413952537450e+00 2.914221933818827992e-01
3.960000000000000000e+02 9.815466694770289546e-01 3.401710619087914278e-01
3.970000000000000000e+02 1.041298358077104691e+00 3.134882368925886453e-01
3.980000000000000000e+02 8.649442433773737449e-01 4.186040665950116479e-01
3.990000000000000000e+02 9.154714595644778408e-01 4.599885479966967505e-01
4.000000000000000000e+02 8.862189101383500800e-01 4.409375776055845519e-01
4.010000000000000000e+02 7.936355213079562265e-01 4.798967573191210145e-01
4.020000000000000000e+02 8.348438486053819663e-01 5.370775841073200940e-01
4.030000000000000000e+02 6.572959602081884789e-01 4.745460148083587848e-01
4.040000000000000000e+02 9.003724332726437130e-01 5.432261306503295417e-01
4.050000000000000000e+02 6.703424808099324173e-01 5.587335337790665379e-01
4.060000000000000000e+02 8.134960719599200196e-01 5.311523734462981761e-01
4.070000000000000000e+02 8.448120353625191425e-01 5.858700079789388449e-01
4.080000000000000000e+02 7.743594202432763085e-01 5.641325969822688080e-01
4.090000000000000000e+02 7.785620922097576946e-01 6.638724920633436444e-01
4.100000000000000000e+02 6.626442580822519135e-01 5.852818931701706529e-01
4.110000000000000000e+02 5.583734268433939718e-01 6.678325636317804515e-01
4.120000000000000000e+02 6.984164155071720392e-01 6.127309106869877064e-01
4.130000000000000000e+02 5.851345690492200102e-01 6.286096160192620186e-01
4.140000000000000000e+02 6.804574450385750817e-01 6.735513435335309662e-01
4.150000000000000000e+02 4.909163717278010042e-01 6.316337694123428381e-01
4.160000000000000000e+02 4.630184291957875065e-01 6.406961059702089845e-01
4.170000000000000000e+02 5.383349691947429960e-01 5.751759948015187085e-01
4.180000000000000000e+02 5.862071585927207673e-01 6.331157102649023205e-01
4.190000000000000000e+02 5.479082785286502055e-01 6.473267251252919907e-01
4.200000000000000000e+02 6.254454185446485237e-01 6.571882702206266469e-01
4.210000000000000000e+02 6.482481685254534165e-01 6.564287636415585547e-01
4.220000000000000000e+02 4.231772728405541750e-01 6.056952474204854164e-01
4.230000000000000000e+02 4.311888154337731871e-01 6.607075942613567232e-01
4.240000000000000000e+02 4.599062149072924433e-01 6.119580820116699016e-01
4.250000000000000000e+02 4.458211556693095212e-01 6.519758894879739142e-01
4.260000000000000000e+02 3.995144636110203873e-01 5.806933493357490095e-01
4.270000000000000000e+02 4.154221855222604565e-01 5.885591695358470821e-01
4.280000000000000000e+02 2.586920212570236188e-01 6.212465356856873289e-01
4.290000000000000000e+02 3.486195875806711308e-01 5.824817468289615885e-01
4.300000000000000000e+02 2.914148510876879983e-01 5.903326642513371247e-01
4.310000000000000000e+02 2.473989039785733091e-01 5.236085382539877875e-01
4.320000000000000000e+02 3.441438262979192031e-02 5.087622795248194496e-01
4.330000000000000000e+02 -6.531255685835286595e-01 4.966868724751613007e-01
4.340000000000000000e+02 -9.447418640638945986e-01 4.289652086248950114e-01
4.350000000000000000e+02 -1.071061977885076066e+00 3.367780518008240409e-01
4.360000000000000000e+02 -1.008888669981329311e+00 3.041956541383558088e-01
4.370000000000000000e+02 -1.001611163003169436e+00 2.159715788634049560e-01
4.380000000000000000e+02 -9.860032954515075554e-01 2.176955084079090219e-01
4.390000000000000000e+02 -9.804574690333804909e-01 1.770207960151189974e-01
4.400000000000000000e+02 -1.000724048371384622e+00 7.132569379441175417e-02
4.410000000000000000e+02 -8.992337768423789290e-01 8.974327754231094245e-02
4.420000000000000000e+02 -8.674908005467509842e-01 1.080209300334024902e-01
4.430000000000000000e+02 -9.719347328681343656e-01 8.366084759575156959e-02
4.440000000000000000e+02 -1.008090382759748271e+00 -4.448219353669875809e-02
4.450000000000000000e+02 -8.751776676067366534e-01 -7.374274130308972053e-03
4.460000000000000000e+02 -7.813796476938325020e-01 -7.661817108072296878e-02
4.470000000000000000e+02 -7.365153153223641391e-01 -9.495411764848037117e-02
4.480000000000000000e+02 -7.328297153457540292e-01 -6.783900376265247778e-02
4.490000000000000000e+02 -8.007437034630779937e-01 -1.038706934469455223e-01
4.500000000000000000e+02 -6.908269998601500594e-01 -9.980265145113885461e-02
4.510000000000000000e+02 -6.522420072450166861e-01 -1.259223465635626593e-01
4.520000000000000000e+02 -7.547952883682068626e-01 -1.439089759164777493e-01
4.530000000000000000e+02 -7.081355107966347262e-01 -1.634218541210864795e-01
4.540000000000000000e+02 -7.453598900361185775e-01 -1.527524531636914595e-01
4.550000000000000000e+02 -6.133829445066725228e-01 -1.764539402799410739e-01
4.560000000000000000e+02 -6.373585369409948687e-01 -1.723437749735197699e-01
4.570000000000000000e+02 -5.905152288839272678e-01 -1.740155205435394703e-01
4.580000000000000000e+02 -5.204101398490419417e-01 -1.981510805766074634e-01
4.590000000000000000e+02 -4.345895306609572906e-01 -1.728042432071268675e-01
4.600000000000000000e+02 -4.619469361040001165e-01 -1.750414777328090365e-01
4.610000000000000000e+02 -4.203075335815190661e-01 -1.481436640462298060e-01
4.620000000000000000e+02 -4.394230095352938403e-01 -2.102395539083274090e-01
4.630000000000000000e+02 -4.165070205465210007e-01 -1.302746212339431497e-01
4.640000000000000000e+02 -3.141946844787913418e-01 -1.226271573078907690e-01
4.650000000000000000e+02 7.126539505679485575e-03 -1.509849860220749962e-01
4.660000000000000000e+02 4.981418431426448690e-01 -7.709306679116656458e-02
4.670000000000000000e+02 9.409503552283713379e-01 5.089300119318877769e-02
4.680000000000000000e+02 1.085048913801114567e+00 4.131026339478297005e-02
4.690000000000000000e+02 1.073694520673367681e+00 1.283452285414355409e-01
4.700000000000000000e+02 1.104053380687532560e+00 1.389978683733098797e-01
4.710000000000000000e+02 9.706611698427963786e-01 2.043381177641228064e-01
4.720000000000000000e+02 1.019305924672492702e+00 2.338969709733409730e-01
4.730000000000000000e+02 1.093224608340340520e+00 3.425263198481299232e-01
4.740000000000000000e+02 8.769060627658854523e-01 3.013141403997546264e-01
4.750000000000000000e+02 9.631316047217739484e-01 4.020440868024979797e-01
4.760000000000000000e+02 8.615021223859647970e-01 3.578457613376075375e-01
4.770000000000000000e+02 9.707367739989527511e-01 4.785445860715785149e-01
4.780000000000000000e+02 8.941373692093921299e-01 4.686764839742648125e-01
4.790000000000000000e+02 9.177254673373377303e-01 5.055596479250483721e-01
4.800000000000000000e+02 9.758446445872325237e-01 5.094110056204155246e-01
4.810000000000000000e+02 8.954620799986049429e-01 5.376170517717543396e-01
4.820000000000000000e+02 7.155336643306465794e-01 5.101356433570725102e-01
4.830000000000000000e+02 7.056616123638838056e-01 6.283735691586829208e-01
4.840000000000000000e+02 8.569420598407270218e-01 5.824685750160643050e-01
4.850000000000000000e+02 7.337697393033418836e-01 5.882938511661314207e-01
4.860000000000000000e+02 6.850665895752433565e-01 5.880769623582502437e-01
4.870000000000000000e+02 6.452376929406298256e-01 5.861497708862563050e-01
4.880000000000000000e+02 7.517289603783138263e-01 6.607858029373582243e-01
4.890000000000000000e+02 6.429285890603481102e-01 6.056236404456255551e-01
4.900000000000000000e+02 6.898488257680561730e-01 6.531662862434117756e-01
4.910000000000000000e+02 7.394000873690722564e-01 6.297622094248953584e-01
4.920000000000000000e+02 6.115277390438781380e-01 5.903100842780010238e-01
4.930000000000000000e+02 5.997856113453906568e-01 6.343028987612205905e-01
4.940000000000000000e+02 4.790478756104750158e-01 6.409584702914192800e-01
4.950000000000000000e+02 5.777307550926294999e-01 6.645146902575687076e-01
4.960000000000000000e+02 7.057990553630346664e-01 6.511450418803033102e-01
4.970000000000000000e+02 5.445667849905254654e-01 6.470111040295181137e-01
4.980000000000000000e+02 4.494069099601586958e-01 5.861369149824163793e-01
4.990000000000000000e+02 6.131335349295246040e-01 6.364057380357482918e-01
5.000000000000000000e+02 5.406193098421602228e-01 5.548475489871199651e-01
5.010000000000000000e+02 4.869143286601694265e-01 6.010391798136844876e-01
5.020000000000000000e+02 4.569587410783709225e-01 6.520799319473671307e-01
5.030000000000000000e+02 4.162336059161047541e-01 6.174529935793272584e-01
5.040000000000000000e+02 4.977862693193301213e-01 6.318254589585416969e-01
5.050000000000000000e+02 3.763680397045724990e-01 5.483114175932979339e-01
5.060000000000000000e+02 4.017200148963709361e-01 5.856807857386233662e-01
5.070000000000000000e+02 3.278451323145096241e-01 5.335818950806876515e-01
5.080000000000000000e+02 3.103026466453093213e-01 4.955559553820964580e-01
5.090000000000000000e+02 2.027287330031900536e-01 6.177197817280678516e-01
5.100000000000000000e+02 -1.246064133569576710e-01 5.128417097911898148e-01
5.110000000000000000e+02 -6.739447608481479168e-01 5.259367292597590948e-01
5.120000000000000000e+02 -1.083674952528818514e+00 4.851713613635209033e-01
5.130000000000000000e+02 -1.092167950268866594e+00 3.732020808419463931e-01
5.140000000000000000e+02 -1.049407085151176311e+00 2.805916156489073887e-01
5.150000000000000000e+02 -1.052449662274579589e+00 2.512620811653039077e-01
5.160000000000000000e+02 -1.028811150807166230e+00 1.724791792621455933e-01
5.170000000000000000e+02 -9.015667530013287134e-01 1.044105416537016162e-01
5.180000000000000000e+02 -8.886005938339843757e-01 1.163025440297370677e-01
5.190000000000000000e+02 -9.380633159166402724e-01 5.680723238942735065e-02
5.200000000000000000e+02 -8.376758740968899275e-01 3.193025444240005228e-02
5.210000000000000000e+02 -8.924689682065120033e-01 3.087253349035781747e-02
5.220000000000000000e+02 -7.883025729506081269e-01 -3.967074711759225464e-03
5.230000000000000000e+02 -8.614572914760983968e-01 -5.558953572669708687e-03
5.240000000000000000e+02 -8.044126662684963902e-01 -8.223156099271397568e-02
5.250000000000000000e+02 -7.484227282985536078e-01 -9.975169703211866912e-02
5.260000000000000000e+02 -8.288750517862043532e-01 -1.541260211156291748e-01
5.270000000000000000e+02 -8.088330908681353737e-01 -1.176703914788442967e-01
5.280000000000000000e+02 -7.686621382300273808e-01 -1.524176771066606817e-01
5.290000000000000000e+02 -7.246830597224321879e-01 -1.158318515155805500e-01
5.300000000000000000e+02 -7.509318075996792574e-01 -1.837831102996708432e-01
5.310000000000000000e+02 -7.918338805428732918e-01 -1.438768803964532161e-01
5.320000000000000000e+02 -6.564856290188663124e-01 -2.586207996573895440e-01
5.330000000000000000e+02 -6.749011701991243228e-01 -2.282905084407036433e-01
5.340000000000000000e+02 -5.836739059864958223e-01 -1.523905883011547613e-01
5.350000000000000000e+02 -6.448628296383829284e-01 -2.472212786400002638e-01
5.360000000000000000e+02 -5.791188714305627316e-01 -1.971883776980649094e-01
5.370000000000000000e+02 -5.413075886582044971e-01 -1.693982392713095364e-01
5.380000000000000000e+02 -6.306022437900900002e-01 -1.839979055595617474e-01
5.390000000000000000e+02 -4.164762386616742695e-01 -2.090372788453555286e-01
5.400000000000000000e+02 -3.954397936592355389e-01 -1.424550298493196254e-01
5.410000000000000000e+02 -4.777002189748797978e-01 -1.606173989930539669e-01
5.420000000000000000e+02 -2.891761688599890912e-01 -1.727057765182656301e-01
5.430000000000000000e+02 -4.391940438875969327e-02 -1.091034052019077827e-01
5.440000000000000000e+02 4.632230554821707424e-01 -9.142846901381364300e-02
5.450000000000000000e+02 1.079080145595484375e+00 4.837584857307064556e-04
5.460000000000000000e+02 1.137368123690707389e+00 3.280920941659282858e-02
5.470000000000000000e+02 9.711487798861213605e-01 1.128714282657934248e-01
5.480000000000000000e+02 9.902721659824561540e-01 1.860058375619214888e-01
5.490000000000000000e+02 1.123784576749268016e+00 2.141971290563753072e-01
5.500000000000000000e+02 9.440955406432157693e-01 2.219081326020319045e-01
5.510000000000000000e+02 1.108871024439515462e+00 2.846033903529870401e-01
5.520000000000000000e+02 9.807147822927391179e-01 3.074129067895830514e-01
5.530000000000000000e+02 9.955449406549995439e-01 3.726980877801341907e-01
5.540000000000000000e+02 9.472788310258646316e-01 4.229695069991688539e-01
5.550000000000000000e+02 9.749541527947164221e-01 4.484578186145272705e-01
5.560000000000000000e+02 8.343643529690186744e-01 5.122880389536776935e-01
5.570000000000000000e+02 8.311111548534577675e-01 4.789266725970308114e-01
5.580000000000000000e+02 9.230788685711335262e-01 5.065072365409172273e-01
5.590000000000000000e+02 8.339913263163448720e-01 5.496370082814149294e-01
5.600000000000000000e+02 8.075211522418703769e-01 5.862061997402530089e-01
5.610000000000000000e+02 6.473774705763595261e-01 5.825438755656575651e-01
5.620000000000000000e+02 6.658389563967075375e-01 6.144049519097782852e-01
5.630000000000000000e+02 5.648257381832557655e-01 6.436882448435843340e-01
5.640000000000000000e+02 7.765028647534936157e-01 6.171797845127214854e-01
5.650000000000000000e+02 6.339616472839192385e-01 6.237903194905822790e-01
5.660000000000000000e+02 6.011121498554796716e-01 6.335563932384359331e-01
5.670000000000000000e+02 5.262165246157635146e-01 6.305618257222281864e-01
5.680000000000000000e+02 5.622818824132613802e-01 6.430384521038052803e-01
5.690000000000000000e+02 5.072145549657245400e-01 6.704546439701445371e-01
5.700000000000000000e+02 6.141960933770678199e-01 6.681557418948581573e-01
5.710000000000000000e+02 6.469833203929578058e-01 6.376555561272838624e-01
5.720000000000000000e+02 6.607453033076802207e-01 5.892453548381046957e-01
5.730000000000000000e+02 5.634736895927016098e-01 5.581601468851348224e-01
5.740000000000000000e+02 5.180654974388748668e-01 6.219458009577589763e-01
5.750000000000000000e+02 5.743696175622209354e-01 6.600353152191374972e-01
5.760000000000000000e+02 6.071363297919060154e-01 5.713733059901352496e-01
5.770000000000000000e+02 4.630271503128194355e-01 6.684182678051280302e-01
5.780000000000000000e+02 5.804945777048517996e-01 6.108648042766173791e-01
5.790000000000000000e+02 4.953344171209856373e-01 5.923631719376015736e-01
5.800000000000000000e+02 4.979079446591722080e-01 6.156902295529064206e-01
5.810000000000000000e+02 4.203577191440776017e-01 5.688207126047259976e-01
5.820000000000000000e+02 3.694769958647118879e-01 6.190647629617550551e-01
5.830000000000000000e+02 4.150112824826051594e-01 5.933070150090371531e-01
5.840000000000000000e+02 4.410751574915896533e-01 5.921408296735288790e-01
5.850000000000000000e+02 2.380374589910336236e-01 5.645555451916619560e-01
5.860000000000000000e+02 2.472309666232939407e-01 5.685342479246733305e-01
5.870000000000000000e+02 9.365145825570346527e-02 5.966327851079999967e-01
5.880000000000000000e+02 -1.986566995500846367e-01 4.823588798135589606e-01
5.890000000000000000e+02 -8.267856834090785423e-01 5.137970459701314274e-01
5.900000000000000000e+02 -9.830159915881342414e-01 3.888359095315843117e-01
5.910000000000000000e+02 -9.899937514979918474e-01 3.609569107972768753e-01
5.920000000000000000e+02 -1.111822579119827070e+00 3.121389415046875726e-01
5.930000000000000000e+02 -1.148810406446834298e+00 2.523306171883622495e-01
5.940000000000000000e+02 -9.665582046185107190e-01 1.993709203374435801e-01
5.950000000000000000e+02 -1.020500095789459216e+00 1.133089061679246473e-01
5.960000000000000000e+02 -8.528736001515786480e-01 7.835927807547976576e-02
5.970000000000000000e+02 -8.000688340849531066e-01 3.614185371900197064e-02
5.980000000000000000e+02 -8.507836001594777375e-01 7.570705631463990615e-02
5.990000000000000000e+02 -8.147899673041555380e-01 2.888977320752186134e-02
6.000000000000000000e+02 -8.838026725360740299e-01 -6.755255527422823758e-02
6.010000000000000000e+02 -8.521756954461305877e-01 -2.551155091244461035e-02
6.020000000000000000e+02 -8.307845258926117582e-01 -2.991788698447644251e-02
6.030000000000000000e+02 -8.351720129943570603e-01 -1.246716439790947484e-01
6.040000000000000000e+02 -7.856256150602225485e-01 -1.467641632121071404e-01
6.050000000000000000e+02 -7.461464132468034194e-01 -1.490782617196261539e-01
6.060000000000000000e+02 -7.071018454962978428e-01 -1.443245316161710923e-01
6.070000000000000000e+02 -7.223107305896703245e-01 -1.478125519955151290e-01
6.080000000000000000e+02 -5.483449691692354744e-01 -1.289586122356559117e-01
6.090000000000000000e+02 -6.285298963752344870e-01 -1.608258421168315133e-01
6.100000000000000000e+02 -5.921456040319730274e-01 -2.013523560999258555e-01
6.110000000000000000e+02 -5.595707662538720317e-01 -1.665304485059529160e-01
6.120000000000000000e+02 -5.789154517598973371e-01 -2.058489699377971660e-01
6.130000000000000000e+02 -4.079625602704284315e-01 -1.716922218176405446e-01
6.140000000000000000e+02 -5.916634158735398774e-01 -1.534300473268161713e-01
6.150000000000000000e+02 -6.047052391879919053e-01 -1.505116208134573419e-01
6.160000000000000000e+02 -5.629863639357068905e-01 -1.882995249571993435e-01
6.170000000000000000e+02 -4.385755855250138002e-01 -1.737751851819521187e-01
6.180000000000000000e+02 -4.034280737445983811e-01 -1.634013651898825192e-01
6.190000000000000000e+02 -2.426140322795312665e-01 -1.658151908152616094e-01
6.200000000000000000e+02 -1.538374118908399646e-01 -1.484163016448925843e-01
6.210000000000000000e+02 5.576115200252074883e-02 -1.844745826536000610e-01
6.220000000000000000e+02 7.234676031632082394e-01 -9.491990524853767541e-02
6.230000000000000000e+02 1.006210797736174278e+00 4.963700094960325077e-02
6.240000000000000000e+02 1.222785532580026535e+00 5.690493771399277728e-02
6.250000000000000000e+02 1.103873709358101474e+00 8.390273154264378530e-02
6.260000000000000000e+02 1.092778164870824797e+00 1.901097126998816944e-01
6.270000000000000000e+02 1.070307664657805802e+00 2.193274106374663301e-01
6.280000000000000000e+02 1.049557019980618788e+00 2.056144459794079504e-01
6.290000000000000000e+02 9.251439172784768905e-01 3.329440622506730230e-01
6.300000000000000000e+02 9.564787708089810270e-01 3.603968878053712688e-01
6.310000000000000000e+02 7.995458778036935721e-01 3.316487263447650546e-01
6.320000000000000000e+02 9.175418222287581305e-01 4.189968017922451327e-01
6.330000000000000000e+02 9.361844860741126428e-01 4.820691575201944690e-01
6.340000000000000000e+02 8.567476756101317648e-01 4.634145935098974989e-01
6.350000000000000000e+02 8.046484019736693805e-01 4.794610401311031334e-01
6.360000000000000000e+02 8.528719237610321580e-01 5.413272482859430301e-01
6.370000000000000000e+02 7.841491233524391369e-01 5.924014351165712844e-01
6.380000000000000000e+02 8.362233326947766665e-01 5.647064094528910783e-01
6.390000000000000000e+02 7.894181984350183701e-01 5.802827721415738660e-01
6.400000000000000000e+02 6.661538883832288649e-01 5.693818634677143553e-01
6.410000000000000000e+02 5.726794874804326252e-01 6.269260856124598824e-01
6.420000000000000000e+02 5.777571225750788297e-01 5.690722887723959067e-01
6.430000000000000000e+02 7.304281436179269615e-01 6.479346489121933228e-01
6.440000000000000000e+02 6.795684769705387929e-01 5.974103224552130831e-01
6.450000000000000000e+02 8.439912180221186278e-01 5.966557473920243160e-01
6.460000000000000000e+02 5.550023370537546796e-01 5.459448916804412466e-01
6.470000000000000000e+02 6.021626010386822436e-01 6.726378770436752808e-01
6.480000000000000000e+02 6.387756251182744593e-01 5.981840939696133619e-01
6.490000000000000000e+02 6.196767514127488052e-01 6.736895848482584714e-01
6.500000000000000000e+02 5.924219451072475495e-01 6.335519668942563021e-01
6.510000000000000000e+02 5.047967690397031637e-01 6.509110221937253193e-01
6.520000000000000000e+02 5.484553580637853143e-01 6.459487737952495090e-01
6.530000000000000000e+02 5.325817712724066899e-01 6.213284941708006048e-01
6.540000000000000000e+02 5.684714719684810236e-01 5.544707315438963668e-01
6.550000000000000000e+02 4.433062972940761681e-01 6.279840413145377775e-01
6.560000000000000000e+02 4.427186838672367841e-01 6.418136364545437011e-01
6.570000000000000000e+02 4.612537160563199290e-01 5.934965903048101676e-01
6.580000000000000000e+02 4.796315754171646684e-01 6.291440297154361483e-01
6.590000000000000000e+02 4.048599447593388412e-01 6.149245988122685747e-01
6.600000000000000000e+02 4.238224895460516173e-01 6.134750830563875379e-01
6.610000000000000000e+02 5.398841783515778703e-01 6.088755640638761069e-01
6.620000000000000000e+02 3.607591546538844729e-01 6.099223512935665337e-01
6.630000000000000000e+02 2.348255015291531023e-01 5.407012971653281097e-01
6.640000000000000000e+02 2.177697446340502163e-01 5.240883476519919704e-01
6.650000000000000000e+02 7.540039498633017978e-02 4.524354190018923250e-01
6.660000000000000000e+02 -4.416445223507191598e-01 5.131386273806708420e-01
6.670000000000000000e+02 -9.884940610299264296e-01 4.796431911048313901e-01
6.680000000000000000e+02 -1.119814687882782378e+00 4.335270391027317149e-01
6.690000000000000000e+02 -9.394163244892795861e-01 3.367730679229479218e-01
6.700000000000000000e+02 -1.030918244288566710e+00 2.455294573617454734e-01
6.710000000000000000e+02 -9.421779031924939485e-01 1.780492622487405141e-01
6.720000000000000000e+02 -9.633735689656756085e-01 1.872980758519844635e-01
6.730000000000000000e+02 -9.421989902478952184e-01 1.130892697896784121e-01
6.740000000000000000e+02 -1.017219830832263083e+00 9.789773111960935192e-02
6.750000000000000000e+02 -9.885492739436616549e-01 5.729563840072957742e-02
6.760000000000000000e+02 -7.552968403757457372e-01 1.200758884548484492e-02
6.770000000000000000e+02 -9.050201113909354111e-01 1.624078068011095694e-02
6.780000000000000000e+02 -9.159009706103393711e-01 -2.540322039875551885e-02
6.790000000000000000e+02 -9.223126171269817597e-01 -2.607813481237406666e-02
6.800000000000000000e+02 -6.987307742111829034e-01 -8.316957093810212198e-02
6.810000000000000000e+02 -7.673278599065502803e-01 -8.733559450799052715e-02
6.820000000000000000e+02 -7.130009554703363728e-01 -1.501968706334621539e-01
6.830000000000000000e+02 -6.958768133583221882e-01 -1.183568900325814299e-01
6.840000000000000000e+02 -7.593592491018706925e-01 -1.129037096485758923e-01
6.850000000000000000e+02 -7.252734392224458038e-01 -1.894172329547438027e-01
6.860000000000000000e+02 -6.928425856425323159e-01 -1.510052581211593081e-01
6.870000000000000000e+02 -6.010250702130296441e-01 -1.248867051700620068e-01
6.880000000000000000e+02 -5.790595891429944908e-01 -1.676920049316139305e-01
6.890000000000000000e+02 -5.687712436947380823e-01 -1.613910191339018030e-01
6.900000000000000000e+02 -7.137581768638556756e-01 -1.521387830352931014e-01
6.910000000000000000e+02 -5.536191469423553668e-01 -1.905092223408151320e-01
6.920000000000000000e+02 -5.639707244463744162e-01 -1.721405592399304907e-01
6.930000000000000000e+02 -6.609612965016725683e-01 -2.283135649630615716e-01
6.940000000000000000e+02 -4.875152451365088457e-01 -1.383716629730329939e-01
6.950000000000000000e+02 -3.816125512109026507e-01 -1.546520467654290965e-01
6.960000000000000000e+02 -4.490408924125403045e-01 -1.609467826405031332e-01
6.970000000000000000e+02 -3.206052754089658841e-01 -1.358534865846370010e-01
6.980000000000000000e+02 -4.062304757931900490e-02 -1.148387251994348324e-01
6.990000000000000000e+02 2.110268457838377076e-01 -1.568434983132990512e-01
7.000000000000000000e+02 8.486295833253308940e-01 -8.205086290131897997e-02
7.010000000000000000e+02 1.084245306959876753e+00 -6.974083900991602525e-02
7.020000000000000000e+02 1.034842409076535130e+00 9.193472652743915619e-02
7.030000000000000000e+02 1.084527349049921874e+00 1.065216398389253055e-01
7.040000000000000000e+02 9.703453328711965087e-01 1.779126559724776291e-01
7.050000000000000000e+02 9.380684884109136146e-01 2.228474625878921200e-01
7.060000000000000000e+02 8.888902777175904379e-01 1.908993679358000628e-01
7.070000000000000000e+02 1.048517641349706819e+00 3.374778967792156914e-01
7.080000000000000000e+02 1.023795627152054077e+00 3.815072303704175050e-01
7.090000000000000000e+02 7.451380019258567744e-01 4.106398836019108378e-01
7.100000000000000000e+02 8.113305419134537733e-01 4.536051226682613069e-01
7.110000000000000000e+02 8.888384131372923935e-01 4.526620878669730397e-01
7.120000000000000000e+02 6.971234545545219596e-01 4.502198402738488148e-01
7.130000000000000000e+02 8.815005663049430007e-01 4.944862895757648480e-01
7.140000000000000000e+02 8.165990541896037680e-01 5.036151170457098258e-01
7.150000000000000000e+02 7.790384519322549606e-01 5.398686893673197984e-01
7.160000000000000000e+02 8.316807176692867509e-01 5.590271011095375719e-01
7.170000000000000000e+02 9.221599136844502720e-01 5.565021728668052559e-01
7.180000000000000000e+02 7.864676627922154717e-01 6.107556081449461161e-01
7.190000000000000000e+02 7.556225241788983027e-01 5.606368621933104368e-01
7.200000000000000000e+02 7.411838673045528791e-01 5.729525901926079134e-01
7.210000000000000000e+02 7.458504535964226578e-01 6.427974823499801316e-01
7.220000000000000000e+02 5.406883958497650244e-01 5.946010239875254566e-01
7.230000000000000000e+02 6.722796386622141851e-01 6.293030057178256031e-01
7.240000000000000000e+02 6.408553785691274429e-01 6.493686012176721478e-01
7.250000000000000000e+02 6.395382999736637375e-01 6.762810987867077239e-01
7.260000000000000000e+02 5.511139995426305171e-01 5.908716446592647831e-01
7.270000000000000000e+02 7.174280753727781956e-01 5.969352540919362626e-01
7.280000000000000000e+02 4.964957163318501898e-01 5.321954757871056874e-01
7.290000000000000000e+02 5.484968721057530416e-01 6.468568440108212192e-01
7.300000000000000000e+02 4.726639327758255238e-01 6.160591302966296201e-01
7.310000000000000000e+02 5.745066786769033040e-01 6.173859839886147727e-01
7.320000000000000000e+02 4.912305595985718698e-01 6.632715067053965852e-01
7.330000000000000000e+02 3.944288606043620526e-01 6.541946039402201096e-01
7.340000000000000000e+02 3.886376530935266027e-01 6.186132231958695327e-01
7.350000000000000000e+02 5.897034829925503763e-01 6.036850203323250730e-01
7.360000000000000000e+02 5.323840936109487387e-01 6.350069491271460587e-01
7.370000000000000000e+02 5.398442341460863991e-01 6.172617929997288311e-01
7.380000000000000000e+02 4.481913053419958048e-01 5.387125802043446487e-01
7.390000000000000000e+02 3.612404344561258585e-01 5.718060202537809111e-01
7.400000000000000000e+02 3.424955812056706961e-01 5.106386068633222974e-01
7.410000000000000000e+02 2.789172729817130381e-01 6.270602790557175954e-01
7.420000000000000000e+02 1.487859189364982293e-01 5.951884581494759630e-01
7.430000000000000000e+02 -2.385656391443061741e-01 5.263178834543693618e-01
7.440000000000000000e+02 -4.644326141925313456e-01 5.227024302349962959e-01
7.450000000000000000e+02 -8.966710264269891484e-01 4.460926460021903406e-01
7.460000000000000000e+02 -1.073730387974347611e+00 3.887168202414223450e-01
7.470000000000000000e+02 -1.135245593961352606e+00 3.288852880650265376e-01
7.480000000000000000e+02 -1.060286020196514745e+00 2.521464031797763794e-01
7.490000000000000000e+02 -1.064946905789960097e+00 2.006526569340818522e-01
7.500000000000000000e+02 -1.135415270135675447e+00 1.322755763698177378e-01
7.510000000000000000e+02 -1.090522517894984222e+00 1.054764330837974079e-01
7.520000000000000000e+02 -9.261034391393007104e-01 1.024971375117983141e-01
7.530000000000000000e+02 -9.491962522458810003e-01 3.266763348690087526e-02
7.540000000000000000e+02 -8.276652057915259153e-01 3.113958573400853538e-02
7.550000000000000000e+02 -8.144278722228464051e-01 -2.837278482579436156e-02
7.560000000000000000e+02 -8.664538804112483783e-01 -3.348178600731380877e-02
7.570000000000000000e+02 -7.916988614345331632e-01 -9.442703799601698256e-02
7.580000000000000000e+02 -8.359757312617487335e-01 -9.642286469133645732e-02
7.590000000000000000e+02 -7.823740146817776964e-01 -1.545043963616973548e-01
7.600000000000000000e+02 -7.202670572017154660e-01 -8.514152355044403431e-02
7.610000000000000000e+02 -7.699544231566263219e-01 -8.976517053559916748e-02
7.620000000000000000e+02 -6.738471663764821207e-01 -1.311332681249072485e-01
7.630000000000000000e+02 -6.495294425060424981e-01 -1.859326938867131018e-01
7.640000000000000000e+02 -6.043123681564910310e-01 -1.137803762531875568e-01
7.650000000000000000e+02 -7.256841141647319970e-01 -2.277751473160289641e-01
7.660000000000000000e+02 -7.232286766991993243e-01 -1.786580758352220299e-01
7.670000000000000000e+02 -5.340197489192205493e-01 -1.691255810602911580e-01
7.680000000000000000e+02 -5.557380136075159571e-01 -2.200429104367782607e-01
7.690000000000000000e+02 -6.056402750623648412e-01 -2.114189992200283530e-01
7.700000000000000000e+02 -5.382366135739916624e-01 -1.756045983010594558e-01
7.710000000000000000e+02 -4.507650809579234474e-01 -2.332374364704788705e-01
7.720000000000000000e+02 -5.597203331517479619e-01 -1.963314376595157451e-01
7.730000000000000000e+02 -4.308186582083773919e-01 -1.845581149182611291e-01
7.740000000000000000e+02 -4.257631928275850131e-01 -2.040972414177365524e-01
7.750000000000000000e+02 -3.937976958295836827e-01 -1.960639954800862950e-01
7.760000000000000000e+02 -2.454324958967531167e-02 -1.313287805300812350e-01
7.770000000000000000e+02 3.881924756304295787e-01 -7.699014066084591823e-02
7.780000000000000000e+02 8.762350879944597049e-01 -5.998290131613262521e-02
7.790000000000000000e+02 1.006426773619436554e+00 -1.620682777878565406e-03
7.800000000000000000e+02 1.089387903411861425e+00 7.287611219103490301e-02
7.810000000000000000e+02 1.033288169186252325e+00 1.647686541536144134e-01
7.820000000000000000e+02 9.965638926348464599e-01 2.328355699573187998e-01
7.830000000000000000e+02 9.993112797545457004e-01 2.294923494541221687e-01
7.840000000000000000e+02 1.000387814337694303e+00 2.419833085423023777e-01
7.850000000000000000e+02 1.053217331808010915e+00 2.800676534788707484e-01
7.860000000000000000e+02 9.475221956859903871e-01 4.023821773417183278e-01
7.870000000000000000e+02 8.735964875424326870e-01 3.766504510461339272e-01
7.880000000000000000e+02 7.938150736799021168e-01 4.396180805542148629e-01
7.890000000000000000e+02 8.845551414777298449e-01 4.915349903406712739e-01
7.900000000000000000e+02 7.828372969472717768e-01 4.955708750603890489e-01
7.910000000000000000e+02 7.740563208801257700e-01 5.228377277164801828e-01
7.920000000000000000e+02 8.137251541805778920e-01 5.497683796613289653e-01
7.930000000000000000e+02 8.418088067699539545e-01 5.423872297219827221e-01
7.940000000000000000e+02 8.392650809052718541e-01 5.345214290426638648e-01
7.950000000000000000e+02 7.863521203682446448e-01 6.199590177399548763e-01
7.960000000000000000e+02 7.264257720190369083e-01 5.448853321718387654e-01
7.970000000000000000e+02 6.783790398932757482e-01 5.802576306344020551e-01
7.980000000000000000e+02 8.253639122253028093e-01 6.368234539995926147e-01
7.990000000000000000e+02 7.557123652548958237e-01 6.101417110356552875e-01
8.000000000000000000e+02 6.215284150567061960e-01 6.050408183058673117e-01
8.010000000000000000e+02 6.213346354394242432e-01 6.052141765697421905e-01
8.020000000000000000e+02 6.780173301677094866e-01 6.311250922983726586e-01
8.030000000000000000e+02 6.575953732510901872e-01 6.293225465834646482e-01
8.040000000000000000e+02 5.685759769860934121e-01 5.772853184309959529e-01
8.050000000000000000e+02 6.196033449248439240e-01 7.126326203717617824e-01
8.060000000000000000e+02 5.354648832013357840e-01 6.408692899629359063e-01
8.070000000000000000e+02 4.711413719931007993e-01 6.269644237832071587e-01
8.080000000000000000e+02 4.701876772517805669e-01 6.169522441939810919e-01
8.090000000000000000e+02 6.730258827977106950e-01 6.174108412647337785e-01
8.100000000000000000e+02 6.846872827177045151e-01 6.092432190162486716e-01
8.110000000000000000e+02 5.253632427380235947e-01 5.712187626110167837e-01
8.120000000000000000e+02 4.624343379624635819e-01 5.838227427759838939e-01
8.130000000000000000e+02 4.948572441590648463e-01 6.332248319749989030e-01
8.140000000000000000e+02 5.042058929454336091e-01 5.833487530872654148e-01
8.150000000000000000e+02 5.320060750632029656e-01 5.699614524464173826e-01
8.160000000000000000e+02 3.858170740527571141e-01 6.253158176059885331e-01
8.170000000000000000e+02 3.352806302155877938e-01 6.055917422173121567e-01
8.180000000000000000e+02 2.479252704148380004e-01 6.474612510058078696e-01
8.190000000000000000e+02 2.461384390384608878e-01 5.722800047931295708e-01
8.200000000000000000e+02 1.874871014727352292e-01 5.606812180496524300e-01
8.210000000000000000e+02 -3.300086233031714750e-02 5.365518811911395014e-01
8.220000000000000000e+02 -5.982843736278604663e-01 5.031522967631443244e-01
8.230000000000000000e+02 -1.143099507949008498e+00 4.175614093412663985e-01
8.240000000000000000e+02 -1.064375227097135390e+00 3.789261265439127779e-01
8.250000000000000000e+02 -1.188160243532381033e+00 3.860419630967618088e-01
8.260000000000000000e+02 -1.044083392383760023e+00 2.746309559850318438e-01
8.270000000000000000e+02 -9.191032460382808633e-01 1.598287810377356233e-01
8.280000000000000000e+02 -9.366943271151294548e-01 1.253448371239346271e-01
8.290000000000000000e+02 -1.011463902093584943e+00 6.875144165639078542e-02
8.300000000000000000e+02 -9.881462898429745900e-01 7.588654013628022554e-02
8.310000000000000000e+02 -8.429917045233501494e-01 9.004134674362160307e-02
8.320000000000000000e+02 -9.141514066421080331e-01 2.985355843695242789e-02
8.330000000000000000e+02 -8.125752481496913981e-01 -2.242695700505734080e-02
8.340000000000000000e+02 -7.995662869324108302e-01 -7.601181444857094127e-02
8.350000000000000000e+02 -8.304041747525956474e-01 -4.942998578641903673e-02
8.360000000000000000e+02 -8.445822187813097903e-01 -1.376633236803185278e-01
8.370000000000000000e+02 -6.253494477684291564e-01 -6.781616350516866953e-02
8.380000000000000000e+02 -6.468368215288017309e-01 -1.321845127326981562e-01
8.390000000000000000e+02 -7.008209258852851065e-01 -1.312680483455310743e-01
8.400000000000000000e+02 -8.642396144857423801e-01 -1.110457615036311019e-01
8.410000000000000000e+02 -6.436541696583920613e-01 -1.203593777727150066e-01
8.420000000000000000e+02 -6.502523937953752498e-01 -1.803355449822432732e-01
8.430000000000000000e+02 -6.553126666203668016e-01 -1.296684957386827486e-01
8.440000000000000000e+02 -5.742037205475003514e-01 -1.564645931489926367e-01
8.450000000000000000e+02 -5.976249315340376178e-01 -1.518453003350173913e-01
8.460000000000000000e+02 -6.234809696761809406e-01 -2.026858475093123169e-01
8.470000000000000000e+02 -5.735313946166993304e-01 -2.316013588933769907e-01
8.480000000000000000e+02 -5.102289936556140271e-01 -1.548168951206359001e-01
8.490000000000000000e+02 -4.479089660676091045e-01 -1.957194581688919688e-01
8.500000000000000000e+02 -4.697536638068523507e-01 -2.513759141749005721e-01
8.510000000000000000e+02 -5.406988094021262237e-01 -1.631371911233464866e-01
8.520000000000000000e+02 -3.229384537856508919e-01 -1.631813574792005950e-01
8.530000000000000000e+02 -1.420757937233957935e-01 -1.364082345879252811e-01
8.540000000000000000e+02 -1.000503757423908680e-01 -1.335832371735338753e-01
8.550000000000000000e+02 5.940845448577540822e-01 -1.415913732770472111e-01
8.560000000000000000e+02 1.084340858467186530e+00 9.375031710170809995e-03
8.570000000000000000e+02 1.134144095828166332e+00 2.481365603508357137e-02
8.580000000000000000e+02 1.068923316142914581e+00 1.586073830151048247e-01
8.590000000000000000e+02 1.019972349839276315e+00 1.652871481867735082e-01
8.600000000000000000e+02 1.005542654362336252e+00 2.211324394406363747e-01
8.610000000000000000e+02 9.964097354097988246e-01 2.340300101395312304e-01
8.620000000000000000e+02 9.195349599861372125e-01 2.910250505015689604e-01
8.630000000000000000e+02 8.860551008055242983e-01 3.559017945503410441e-01
8.640000000000000000e+02 8.879213302077858527e-01 4.099118401088492902e-01
8.650000000000000000e+02 9.133150616147758249e-01 4.790097971581546710e-01
8.660000000000000000e+02 9.349901601674135421e-01 4.604923260600958801e-01
8.670000000000000000e+02 8.353010291475714277e-01 4.370124585175930720e-01
8.680000000000000000e+02 8.304492190288139675e-01 4.696221743108774938e-01
8.690000000000000000e+02 8.554006920788899127e-01 5.241581827278949390e-01
8.700000000000000000e+02 9.555309785749748208e-01 5.518145564518219803e-01
8.710000000000000000e+02 6.464889995188896066e-01 5.899658953734425726e-01
8.720000000000000000e+02 7.608925261359453796e-01 5.864425248479213648e-01
8.730000000000000000e+02 6.206749803608226923e-01 5.918054696329265729e-01
8.740000000000000000e+02 6.964632232343095364e-01 5.297871280891006673e-01
8.750000000000000000e+02 5.631551115960971021e-01 6.136557199846511823e-01
8.760000000000000000e+02 6.618926141749882364e-01 6.347106446848307382e-01
8.770000000000000000e+02 6.587264868062371326e-01 5.822114129595786780e-01
8.780000000000000000e+02 8.037885368228783189e-01 6.702670093916239802e-01
8.790000000000000000e+02 6.083816746401431441e-01 6.281503624463324886e-01
8.800000000000000000e+02 5.952922376707927565e-01 6.721688430906260781e-01
8.810000000000000000e+02 6.565198053785090693e-01 5.899182344248855570e-01
8.820000000000000000e+02 5.285863229521821083e-01 5.707968065007924530e-01
8.830000000000000000e+02 7.102351616764214226e-01 6.989330753393464546e-01
8.840000000000000000e+02 5.576027279679015569e-01 6.346238188565457294e-01
8.850000000000000000e+02 5.611287863677451027e-01 6.309743118400747974e-01
8.860000000000000000e+02 5.633028856597852574e-01 6.343796563172563463e-01
8.870000000000000000e+02 4.749042370424045312e-01 6.021582041397433027e-01
8.880000000000000000e+02 4.640811350925839185e-01 6.907302765377665299e-01
8.890000000000000000e+02 6.034923705077991363e-01 6.350103496649638357e-01
8.900000000000000000e+02 3.725814132263318701e-01 5.661900973716450514e-01
8.910000000000000000e+02 4.909126564171851781e-01 6.498386009417527198e-01
8.920000000000000000e+02 5.508646421734454401e-01 6.153053621409276808e-01
8.930000000000000000e+02 3.532444268749388439e-01 5.742587893274403443e-01
8.940000000000000000e+02 2.595792818941042301e-01 6.091414217169449641e-01
8.950000000000000000e+02 4.746206058577999709e-01 6.140406557246956831e-01
8.960000000000000000e+02 3.804419524049494350e-01 5.754555852005619476e-01
8.970000000000000000e+02 2.128548270475927595e-01 6.660669969803731938e-01
8.980000000000000000e+02 2.002380663988126419e-01 5.441034772798712948e-01
8.990000000000000000e+02 -1.968869031765853039e-01 5.174234979598164585e-01
9.000000000000000000e+02 -8.507198194437380900e-01 4.980125289507201791e-01
9.010000000000000000e+02 -1.048291286481842333e+00 4.697188331568595832e-01
9.020000000000000000e+02 -1.132990831286950106e+00 3.277272947133246239e-01
9.030000000000000000e+02 -1.004111739561047489e+00 3.226055288202142046e-01
9.040000000000000000e+02 -1.039565401088561991e+00 2.071738941267997625e-01
9.050000000000000000e+02 -8.030888521373356070e-01 1.887629578092914762e-01
9.060000000000000000e+02 -9.446459637057652570e-01 9.811249427812358814e-02
9.070000000000000000e+02 -9.539372035653064241e-01 4.568055037403209728e-02
9.080000000000000000e+02 -9.487612402016349922e-01 5.138187076188666103e-02
9.090000000000000000e+02 -8.899912176796644925e-01 3.229954630192336668e-02
9.100000000000000000e+02 -9.741438300297488029e-01 -1.924458139349867827e-02
9.110000000000000000e+02 -7.432958309846680045e-01 -4.198372221544537097e-02
9.120000000000000000e+02 -7.521753518323276433e-01 -1.487525035451058020e-02
9.130000000000000000e+02 -7.886930247959974549e-01 -7.061998242477747489e-02
9.140000000000000000e+02 -8.448599825537215224e-01 -1.188415963969634698e-01
9.150000000000000000e+02 -8.371069217198420231e-01 -1.274333132345380204e-01
9.160000000000000000e+02 -6.817965279365350018e-01 -1.539983117878637731e-01
9.170000000000000000e+02 -6.137717820489289045e-01 -1.682615967307887761e-01
9.180000000000000000e+02 -6.504308458933528714e-01 -1.600431593229651728e-01
9.190000000000000000e+02 -6.532489986142248073e-01 -1.516155434357854270e-01
9.200000000000000000e+02 -6.727482559745878721e-01 -1.469827498869898941e-01
9.210000000000000000e+02 -6.527864485504621950e-01 -2.017416791241397611e-01
9.220000000000000000e+02 -5.919125013373998101e-01 -1.992869974330814253e-01
9.230000000000000000e+02 -4.991827134770334129e-01 -1.366417106440789286e-01
9.240000000000000000e+02 -5.456760903484949576e-01 -1.383826826788342179e-01
9.250000000000000000e+02 -6.677748981793109051e-01 -1.970732328511501652e-01
9.260000000000000000e+02 -4.160351242479919942e-01 -1.471908774371589179e-01
9.270000000000000000e+02 -2.173074538027031655e-01 -1.369265260166461773e-01
9.280000000000000000e+02 -4.530912714875787173e-01 -1.090571784442667946e-01
9.290000000000000000e+02 -4.580813185336124471e-01 -2.361571694529622789e-01
9.300000000000000000e+02 -3.780512312843445910e-01 -2.097528243420000438e-01
9.310000000000000000e+02 -3.119736074734869025e-01 -1.906171088236932876e-01
9.320000000000000000e+02 1.677903156059134260e-01 -9.950826939042185793e-02
9.330000000000000000e+02 5.745137331157867955e-01 -9.610979108742191690e-02
9.340000000000000000e+02 1.104606145488652880e+00 -2.977736530041716692e-02
9.350000000000000000e+02 1.023938238961575431e+00 4.849673183112408748e-02
9.360000000000000000e+02 1.059430877907809876e+00 1.063521030469314343e-01
9.370000000000000000e+02 1.107451765823706635e+00 1.708598751085093626e-01
9.380000000000000000e+02 1.059921612100084287e+00 2.620079521811849443e-01
9.390000000000000000e+02 1.069417646215403250e+00 2.929489014569038874e-01
9.400000000000000000e+02 1.059915889893962460e+00 3.118180101508380431e-01
9.410000000000000000e+02 9.078159579687841152e-01 3.540602707565040363e-01
9.420000000000000000e+02 8.541199032406561198e-01 3.169282932250561124e-01
9.430000000000000000e+02 1.018705312564954779e+00 3.985934478411174986e-01
9.440000000000000000e+02 7.601610036038140006e-01 4.473188346256572467e-01
9.450000000000000000e+02 7.724384496763114782e-01 4.602820598583447498e-01
9.460000000000000000e+02 7.322360204947909734e-01 4.981743852650918902e-01
9.470000000000000000e+02 7.872266831883345528e-01 5.562671480996358442e-01
9.480000000000000000e+02 7.145265214594527237e-01 5.934318245526387647e-01
9.490000000000000000e+02 7.334844977835035529e-01 5.339069403512936018e-01
9.500000000000000000e+02 6.885835559543617146e-01 5.282415538777579522e-01
9.510000000000000000e+02 8.506869077094290077e-01 5.871864877744946698e-01
9.520000000000000000e+02 8.135857703382627371e-01 6.374837870926808314e-01
9.530000000000000000e+02 5.664537719786864045e-01 6.132226654079440120e-01
9.540000000000000000e+02 6.012846842093328981e-01 5.943150613134889904e-01
9.550000000000000000e+02 6.754332827667868244e-01 6.471479925037793013e-01
9.560000000000000000e+02 6.208129801214770094e-01 5.835014901245438868e-01
9.570000000000000000e+02 5.995161981088693581e-01 6.358618750783909812e-01
9.580000000000000000e+02 5.710634963499158223e-01 5.765880229425762726e-01
9.590000000000000000e+02 5.617062475435685709e-01 5.678803671711863954e-01
9.600000000000000000e+02 6.594299720590794944e-01 6.249194922642096195e-01
9.610000000000000000e+02 5.954032578577699297e-01 6.293878494601610196e-01
9.620000000000000000e+02 4.064507644409078857e-01 6.801153255331336966e-01
9.630000000000000000e+02 5.935209811967945281e-01 6.523451393634189799e-01
9.640000000000000000e+02 5.585019448539266795e-01 6.435591033731197230e-01
9.650000000000000000e+02 5.094964879317182005e-01 5.693857665095269915e-01
9.660000000000000000e+02 5.573710547655131853e-01 6.069581876539582588e-01
9.670000000000000000e+02 6.686708461316765995e-01 6.116392242405517266e-01
9.680000000000000000e+02 4.679924001083409779e-01 6.545412037794998694e-01
9.690000000000000000e+02 4.811639258878438463e-01 6.124936488528658352e-01
9.700000000000000000e+02 4.420241819143463924e-01 6.234865602642790661e-01
9.710000000000000000e+02 3.259444868970745035e-01 6.287925854410024717e-01
9.720000000000000000e+02 4.423184847068606373e-01 5.895264945766822695e-01
9.730000000000000000e+02 4.372856311851412436e-01 5.926934763993598754e-01
9.740000000000000000e+02 2.668561620486097352e-01 5.709058819110927052e-01
9.750000000000000000e+02 1.593802492291147010e-01 5.626071538022480167e-01
9.760000000000000000e+02 -1.967819898574585391e-03 5.094960355624991166e-01
9.770000000000000000e+02 -3.408940669950332181e-01 4.993411834199393828e-01
9.780000000000000000e+02 -8.693199337061288112e-01 4.447947606438696910e-01
9.790000000000000000e+02 -1.104916973262336288e+00 3.830098547465462522e-01
9.800000000000000000e+02 -9.125612461752008464e-01 3.126328493334454839e-01
9.810000000000000000e+02 -1.024318239839950406e+00 3.336984022457928356e-01
9.820000000000000000e+02 -1.007779168320496188e+00 2.860851515498648023e-01
9.830000000000000000e+02 -1.066194574037869103e+00 1.324563413404161449e-01
9.840000000000000000e+02 -9.815645589885888533e-01 1.668556965997596286e-01
9.850000000000000000e+02 -8.740968781164001333e-01 1.199033042986294706e-01
9.860000000000000000e+02 -8.851880438726900113e-01 3.909786532945487558e-02
9.870000000000000000e+02 -9.504749734058863808e-01 1.282022038385811219e-02
9.880000000000000000e+02 -8.258474779616682415e-01 -6.793891806315029147e-02
9.890000000000000000e+02 -9.497933901543298418e-01 -3.476191065890905235e-02
9.900000000000000000e+02 -8.724552640114743296e-01 -4.702403456835330120e-02
9.910000000000000000e+02 -9.162724291818262756e-01 -1.087735993845730664e-01
9.920000000000000000e+02 -7.395601283083336197e-01 -7.848771733164103259e-02
9.930000000000000000e+02 -6.264288489856213449e-01 -7.890847830461927837e-02
9.940000000000000000e+02 -8.178118641374890752e-01 -1.030582511067867635e-01
9.950000000000000000e+02 -7.941663850434013128e-01 -1.131095091382594842e-01
9.960000000000000000e+02 -6.338299253857627713e-01 -1.361289890215908460e-01
9.970000000000000000e+02 -7.591467530766581318e-01 -8.406757936435427236e-02
9.980000000000000000e+02 -7.385074185095572563e-01 -1.330581762934927026e-01
9.990000000000000000e+02 -6.360583771154009192e-01 -1.698336567600438052e-01
