0.000000000000000000e+00 0.000000000000000000e+00 0.000000000000000000e+00
1.000000000000000000e+00 3.697680402701747360e-01 2.228619731711755508e-02
2.000000000000000000e+00 8.882340987575563229e-01 6.653996404408997478e-02
3.000000000000000000e+00 1.037648885976564905e+00 1.243695977304291045e-01
4.000000000000000000e+00 1.032797025544278435e+00 1.806064744382656628e-01
5.000000000000000000e+00 1.010491375772896827e+00 2.322273750125062042e-01
6.000000000000000000e+00 9.868815083416661027e-01 2.792341844605336076e-01
7.000000000000000000e+00 9.635941398137730651e-01 3.219291757621818850e-01
8.000000000000000000e+00 9.408029177002181775e-01 3.606251325558503806e-01
9.000000000000000000e+00 9.185194954687078139e-01 3.956168256543269313e-01
1.000000000000000000e+01 8.967350288152058368e-01 4.271790289704412436e-01
1.100000000000000000e+01 8.754377974900483528e-01 4.555674221162707704e-01
1.200000000000000000e+01 8.546158782251845887e-01 4.810197890733868831e-01
1.300000000000000000e+01 8.342573425588230007e-01 5.037572824887843748e-01
1.400000000000000000e+01 8.143503698849258177e-01 5.239855625818730100e-01
1.500000000000000000e+01 7.948832586870866468e-01 5.418957598764508887e-01
1.600000000000000000e+01 7.758443653339904822e-01 5.576655545744459985e-01
1.700000000000000000e+01 7.572220420136012153e-01 5.714600448478472927e-01
1.800000000000000000e+01 7.390045862341211302e-01 5.834326045897395563e-01
1.900000000000000000e+01 7.211801620250957168e-01 5.937256705087741171e-01
2.000000000000000000e+01 7.037366968350626806e-01 6.024714725945811145e-01
2.100000000000000000e+01 6.866617464342980037e-01 6.097927102774634012e-01
2.200000000000000000e+01 6.699423170864732269e-01 6.158031734864291007e-01
2.300000000000000000e+01 6.535646261659053824e-01 6.206083137689124563e-01
2.400000000000000000e+01 6.375137722436856613e-01 6.243057623421142122e-01
2.500000000000000000e+01 6.217732801981298296e-01 6.269857939583327600e-01
2.600000000000000000e+01 6.063244574036272816e-01 6.287317338310676185e-01
2.700000000000000000e+01 5.911454744491361213e-01 6.296202986139348701e-01
2.800000000000000000e+01 5.762100240383907224e-01 6.297218614002081383e-01
2.900000000000000000e+01 5.614853320315238427e-01 6.291006187724261789e-01
3.000000000000000000e+01 5.469291618276025391e-01 6.278146283806259609e-01
3.100000000000000000e+01 5.324851322144898980e-01 6.259156616264452966e-01
3.200000000000000000e+01 5.180754587298518343e-01 6.234487809396428437e-01
3.300000000000000000e+01 5.035890928293890179e-01 6.204514943384820125e-01
3.400000000000000000e+01 4.888619868924745648e-01 6.169522160448682735e-01
3.500000000000000000e+01 4.736433170084248245e-01 6.129675777621232946e-01
3.600000000000000000e+01 4.575350460021299082e-01 6.084976982556319358e-01
3.700000000000000000e+01 4.398791577944916598e-01 6.035177316293404148e-01
3.800000000000000000e+01 4.195348299656675439e-01 5.979621932584554544e-01
3.900000000000000000e+01 3.944052425934468364e-01 5.916943180284524040e-01
4.000000000000000000e+01 3.603373796359645165e-01 5.844417519309011988e-01
4.100000000000000000e+01 3.082423336539886205e-01 5.756477531404198267e-01
4.200000000000000000e+01 2.153760200440010264e-01 5.640795156813220856e-01
4.300000000000000000e+01 1.543334778585435385e-02 5.466303199084796560e-01
4.400000000000000000e+01 -4.600295022671810341e-01 5.147731674052823392e-01
4.500000000000000000e+01 -9.849316353415525915e-01 4.576560849658052321e-01
4.600000000000000000e+01 -1.072071084253181761e+00 3.905306080098883137e-01
4.700000000000000000e+01 -1.055713568393696900e+00 3.271565380001522083e-01
4.800000000000000000e+01 -1.030796081795648522e+00 2.691483386718987458e-01
4.900000000000000000e+01 -1.005597900941954004e+00 2.162788202105621893e-01
5.000000000000000000e+01 -9.808186084729213494e-01 1.681907888474250545e-01
5.100000000000000000e+01 -9.565109153705981804e-01 1.245388825395939564e-01
5.200000000000000000e+01 -9.326634715262345221e-01 8.500063224859137623e-02
5.300000000000000000e+01 -9.092568066676843808e-01 4.927613370229814993e-02
5.400000000000000000e+01 -8.862695560317146448e-01 1.708681795831772793e-02
5.500000000000000000e+01 -8.636787455618306630e-01 -1.182602355044584143e-02
5.600000000000000000e+01 -8.414596752984708772e-01 -3.770244829016834026e-02
5.700000000000000000e+01 -8.195853364223587567e-01 -6.076503951991536062e-02
5.800000000000000000e+01 -7.980257902818055360e-01 -8.121995959722111413e-02
5.900000000000000000e+01 -7.767472536807161765e-01 -9.925790232901207655e-02
6.000000000000000000e+01 -7.557109157779577924e-01 -1.150549094505737280e-01
6.100000000000000000e+01 -7.348712584277281579e-01 -1.287730941670166551e-01
6.200000000000000000e+01 -7.141737026772729813e-01 -1.405612052734032391e-01
6.300000000000000000e+01 -6.935512770154209639e-01 -1.505550135186138894e-01
6.400000000000000000e+01 -6.729196970839550485e-01 -1.588774759251410373e-01
6.500000000000000000e+01 -6.521700311068645561e-01 -1.656386030708917045e-01
6.600000000000000000e+01 -6.311571855210109661e-01 -1.709348794302321117e-01
6.700000000000000000e+01 -6.096817613001342950e-01 -1.748480271607835701e-01
6.800000000000000000e+01 -5.874596796845745761e-01 -1.774427015586159118e-01
6.900000000000000000e+01 -5.640697448992818552e-01 -1.787623972741091971e-01
7.000000000000000000e+01 -5.388578326878019631e-01 -1.788221545848196758e-01
7.100000000000000000e+01 -5.107511781003341023e-01 -1.775952172685048847e-01
7.200000000000000000e+01 -4.778700599058335885e-01 -1.749873587294213384e-01
7.300000000000000000e+01 -4.366366606863731348e-01 -1.707838244756413604e-01
7.400000000000000000e+01 -3.794736528368755080e-01 -1.645284753998752236e-01
7.500000000000000000e+01 -2.879090253846803837e-01 -1.552103627337034497e-01
7.600000000000000000e+01 -1.083808924821058617e-01 -1.403081675363698211e-01
7.700000000000000000e+01 3.197076253962649606e-01 -1.126234531510472148e-01
7.800000000000000000e+01 9.441577006873465017e-01 -5.880119658070866867e-02
7.900000000000000000e+01 1.090396753230073346e+00 1.030421126480249652e-02
8.000000000000000000e+01 1.078563705094196967e+00 7.659222100231258268e-02
8.100000000000000000e+01 1.054243793293361486e+00 1.373986620903937250e-01
8.200000000000000000e+01 1.029499117154940135e+00 1.929003969541060459e-01
8.300000000000000000e+01 1.005227471770922199e+00 2.434657964160099053e-01
8.400000000000000000e+01 9.814946785042361066e-01 2.894537149687200772e-01
8.500000000000000000e+01 9.582956375122174686e-01 3.311995907567112929e-01
8.600000000000000000e+01 9.356183562666822162e-01 3.690157196051456756e-01
8.700000000000000000e+01 9.134503593307624625e-01 4.031926115674552835e-01
8.800000000000000000e+01 8.917792169521934209e-01 4.340006436009072321e-01
8.900000000000000000e+01 8.705926583683667452e-01 4.616912496907377150e-01
9.000000000000000000e+01 8.498786830358827649e-01 4.864982785717641978e-01
9.100000000000000000e+01 8.296253689735937353e-01 5.086392108008448432e-01
9.200000000000000000e+01 8.098209005815398820e-01 5.283162789605830856e-01
9.300000000000000000e+01 7.904536094073090213e-01 5.457174132868011229e-01
9.400000000000000000e+01 7.715118479628837456e-01 5.610173154923753236e-01
9.500000000000000000e+01 7.529839646252928231e-01 5.743783061911323928e-01
9.600000000000000000e+01 7.348582333891030549e-01 5.859511680863210836e-01
9.700000000000000000e+01 7.171227746214214882e-01 5.958759201110721548e-01
9.800000000000000000e+01 6.997654428902040369e-01 6.042825359456452938e-01
9.900000000000000000e+01 6.827736846558094541e-01 6.112916065063529469e-01
1.000000000000000000e+02 6.661343487061274216e-01 6.170149492566748828e-01
1.010000000000000000e+02 6.498334268860963547e-01 6.215561678884037322e-01
1.020000000000000000e+02 6.338557009455167979e-01 6.250111572473333599e-01
1.030000000000000000e+02 6.181842496106816354e-01 6.274685550967840086e-01
1.040000000000000000e+02 6.027997508212421529e-01 6.290101343488835317e-01
1.050000000000000000e+02 5.876794813545676011e-01 6.297111278470411966e-01
1.060000000000000000e+02 5.727958441837915915e-01 6.296404732035393303e-01
1.070000000000000000e+02 5.581142061934469822e-01 6.288609523421040404e-01
1.080000000000000000e+02 5.435895419514303883e-01 6.274291960944921032e-01
1.090000000000000000e+02 5.291613180801063576e-01 6.253954762044438009e-01
1.100000000000000000e+02 5.147453463908062687e-01 6.228032080303191886e-01
1.110000000000000000e+02 5.002204757616778297e-01 6.196879701284772057e-01
1.120000000000000000e+02 4.854063592507882885e-01 6.160757544923692874e-01
1.130000000000000000e+02 4.700248967913874809e-01 6.119799008838915366e-01
1.140000000000000000e+02 4.536308532031564367e-01 6.073957096702277125e-01
1.150000000000000000e+02 4.354805161459105456e-01 6.022907234402328225e-01
1.160000000000000000e+02 4.142684642958127661e-01 5.965865316834094711e-01
1.170000000000000000e+02 3.875579462836698519e-01 5.901226791634127666e-01
1.180000000000000000e+02 3.504228581600337122e-01 5.825793701270790548e-01
1.190000000000000000e+02 2.917802984367950936e-01 5.732937958809086743e-01
1.200000000000000000e+02 1.828866052250178731e-01 5.607597998700989406e-01
1.210000000000000000e+02 -6.202882948423717874e-02 5.410546264309478159e-01
1.220000000000000000e+02 -6.118943113607661077e-01 5.038271693037100762e-01
1.230000000000000000e+02 -1.030864232122690849e+00 4.422006293010277145e-01
1.240000000000000000e+02 -1.070689166741694898e+00 3.754463198921244027e-01
1.250000000000000000e+02 -1.050124261744277199e+00 3.133010817002944703e-01
1.260000000000000000e+02 -1.024957691366814361e+00 2.565088145283383469e-01
1.270000000000000000e+02 -9.998401193033059631e-01 2.047740583194672948e-01
1.280000000000000000e+02 -9.751693737371475157e-01 1.577392271643272281e-01
1.290000000000000000e+02 -9.509693820496337713e-01 1.150640728610690250e-01
1.300000000000000000e+02 -9.272254535737979309e-01 7.643142578505705831e-02
1.310000000000000000e+02 -9.039174771692214394e-01 4.154643198792064979e-02
1.320000000000000000e+02 -8.810237841049852747e-01 1.013522180997954679e-02
1.330000000000000000e+02 -8.585209997561532580e-01 -1.805650308660455838e-02
1.340000000000000000e+02 -8.363839446213436890e-01 -4.326466915369987093e-02
1.350000000000000000e+02 -8.145850050973004741e-01 -6.570798202505616359e-02
1.360000000000000000e+02 -7.930934437866878906e-01 -8.558895542923909694e-02
1.370000000000000000e+02 -7.718744367437241349e-01 -1.030948345807277816e-01
1.380000000000000000e+02 -7.508877982802175666e-01 -1.183983879811769252e-01
1.390000000000000000e+02 -7.300861524055198837e-01 -1.316586034443500974e-01
1.400000000000000000e+02 -7.094124084800098595e-01 -1.430212072638465670e-01
1.410000000000000000e+02 -6.887961085073324163e-01 -1.526190100138772876e-01
1.420000000000000000e+02 -6.681480409902961215e-01 -1.605720058909448356e-01
1.430000000000000000e+02 -6.473521594670040846e-01 -1.669871577204859459e-01
1.440000000000000000e+02 -6.262527704370770554e-01 -1.719576831566040631e-01
1.450000000000000000e+02 -6.046342481477490205e-01 -1.755616243307099034e-01
1.460000000000000000e+02 -5.821866318185081601e-01 -1.778592024739469313e-01
1.470000000000000000e+02 -5.584457427405169483e-01 -1.788881551469752862e-01
1.480000000000000000e+02 -5.326822076043564724e-01 -1.786553771008750069e-01
1.490000000000000000e+02 -5.036828177046664967e-01 -1.771214794350839672e-01
1.500000000000000000e+02 -4.692845128563086221e-01 -1.741706591020797390e-01
1.510000000000000000e+02 -4.252778897446699569e-01 -1.695471614170298569e-01
1.520000000000000000e+02 -3.624849010680598060e-01 -1.627066263814120062e-01
1.530000000000000000e+02 -2.576645443333063779e-01 -1.524168261021513759e-01
1.540000000000000000e+02 -4.086332765092552666e-02 -1.354943728060483965e-01
1.550000000000000000e+02 4.740747066309649593e-01 -1.028590204288611226e-01
1.560000000000000000e+02 1.016278949302797496e+00 -4.317670897018100612e-02
1.570000000000000000e+02 1.091263202645902819e+00 2.605674690976081745e-02
1.580000000000000000e+02 1.073170835992046879e+00 9.110794717324195713e-02
1.590000000000000000e+02 1.048507585516964991e+00 1.506598581760826006e-01
1.600000000000000000e+02 1.023852809939639785e+00 2.049899050410033952e-01
1.610000000000000000e+02 9.997046772454317720e-01 2.544683142088313699e-01
1.620000000000000000e+02 9.760959528353241321e-01 2.994487353849133449e-01
1.630000000000000000e+02 9.530183908459000097e-01 3.402611621007493037e-01
1.640000000000000000e+02 9.304596929477889633e-01 3.772127302181217945e-01
1.650000000000000000e+02 9.084074129608685766e-01 4.105891928062318508e-01
1.660000000000000000e+02 8.868491410117357310e-01 4.406564132321812988e-01
1.670000000000000000e+02 8.657726701864039143e-01 4.676616724117045321e-01
1.680000000000000000e+02 8.451660065149824153e-01 4.918349462696567920e-01
1.690000000000000000e+02 8.250172657569908585e-01 5.133900919074168012e-01
1.700000000000000000e+02 8.053146892283064018e-01 5.325259367096097929e-01
1.710000000000000000e+02 7.860465988803163606e-01 5.494273000783236327e-01
1.720000000000000000e+02 7.672013515069360245e-01 5.642659441084918459e-01
1.730000000000000000e+02 7.487672850708841921e-01 5.772014553967025341e-01
1.740000000000000000e+02 7.307326473754232055e-01 5.883820671894515186e-01
1.750000000000000000e+02 7.130855080549303171e-01 5.979454193267408346e-01
1.760000000000000000e+02 6.958136421555092266e-01 6.060192638125617703e-01
1.770000000000000000e+02 6.789043775280372284e-01 6.127221151424089296e-01
1.780000000000000000e+02 6.623443908321877682e-01 6.181638486776689367e-01
1.790000000000000000e+02 6.461194302275632406e-01 6.224462467663448573e-01
1.800000000000000000e+02 6.302139346881586723e-01 6.256634920971368974e-01
1.810000000000000000e+02 6.146104998034528366e-01 6.279026063742365604e-01
1.820000000000000000e+02 5.992891221201364083e-01 6.292438273910849755e-01
1.830000000000000000e+02 5.842261055797440816e-01 6.297609175984795193e-01
1.840000000000000000e+02 5.693924543118619175e-01 6.295213861795516674e-01
1.850000000000000000e+02 5.547514895405617485e-01 6.285866021093358125e-01
1.860000000000000000e+02 5.402551422157874095e-01 6.270117561085908342e-01
1.870000000000000000e+02 5.258382958895858605e-01 6.248455971951768495e-01
1.880000000000000000e+02 5.114096720324179390e-01 6.221298423602502625e-01
1.890000000000000000e+02 4.968368510920622705e-01 6.188980483510294617e-01
1.900000000000000000e+02 4.819211972320159854e-01 6.151736266089212757e-01
1.910000000000000000e+02 4.663537857745856385e-01 6.109663478238439582e-01
1.920000000000000000e+02 4.496354036208038973e-01 6.062661885898462666e-01
1.930000000000000000e+02 4.309233169312433054e-01 6.010321505458907643e-01
1.940000000000000000e+02 4.087189463045440285e-01 5.951710638873598525e-01
1.950000000000000000e+02 3.801784724536166893e-01 5.884948970727829076e-01
1.960000000000000000e+02 3.394257345930836167e-01 5.806273545862206120e-01
1.970000000000000000e+02 2.728431610007783781e-01 5.707754864910172810e-01
1.980000000000000000e+02 1.437928206306412215e-01 5.570851826272874563e-01
1.990000000000000000e+02 -1.576695857032504866e-01 5.345807507942974546e-01
2.000000000000000000e+02 -7.566322533127544103e-01 4.913418426553327611e-01
2.010000000000000000e+02 -1.055912419727356166e+00 4.265952698935948639e-01
2.020000000000000000e+02 -1.067264734806390392e+00 3.606323832124773698e-01
2.030000000000000000e+02 -1.044390537342191783e+00 2.997324917007924694e-01
2.040000000000000000e+02 -1.019130250397843884e+00 2.441385500525496410e-01
2.050000000000000000e+02 -9.941069252824724645e-01 1.935193667444098098e-01
2.060000000000000000e+02 -9.695453051410285461e-01 1.475196157026435195e-01
2.070000000000000000e+02 -9.454521608093665597e-01 1.058043416009122745e-01
2.080000000000000000e+02 -9.218106482351950959e-01 6.806160152959073173e-02
2.090000000000000000e+02 -8.986002431746088481e-01 3.400154522997846790e-02
2.100000000000000000e+02 -8.757988458152120570e-01 3.354910009023500707e-03
2.110000000000000000e+02 -8.533827474385371481e-01 -2.412825104802484091e-02
2.120000000000000000e+02 -8.313262422141856067e-01 -4.867979597471758235e-02
2.130000000000000000e+02 -8.096010694301016830e-01 -7.051460711818836880e-02
2.140000000000000000e+02 -7.881756482954643817e-01 -8.983159394796771946e-02
2.150000000000000000e+02 -7.670140581337914210e-01 -1.068145947197709361e-01
2.160000000000000000e+02 -7.460746216045425205e-01 -1.216331523890476080e-01
2.170000000000000000e+02 -7.253079696313954328e-01 -1.344431536506764946e-01
2.180000000000000000e+02 -7.046543168041097260e-01 -1.453873217872297952e-01
2.190000000000000000e+02 -6.840394275504715349e-01 -1.545955114648047968e-01
2.200000000000000000e+02 -6.633687642803914875e-01 -1.621847433017352402e-01
2.210000000000000000e+02 -6.425184718828422792e-01 -1.682588921830706907e-01
2.220000000000000000e+02 -6.213212164907532253e-01 -1.729078384230140486e-01
2.230000000000000000e+02 -5.995433181398834854e-01 -1.762058002055298112e-01
2.240000000000000000e+02 -5.768459102469585265e-01 -1.782083291564136585e-01
2.250000000000000000e+02 -5.527161174889230200e-01 -1.789469722581635280e-01
2.260000000000000000e+02 -5.263381756914624621e-01 -1.784196844435271823e-01
2.270000000000000000e+02 -4.963350493369155236e-01 -1.765729132279971747e-01
2.280000000000000000e+02 -4.602060744145980986e-01 -1.732660804993182979e-01
2.290000000000000000e+02 -4.129689698143907961e-01 -1.681950845997225163e-01
2.300000000000000000e+02 -3.434181475803895212e-01 -1.607081096363739969e-01
2.310000000000000000e+02 -2.220249430678875591e-01 -1.492923597517941681e-01
2.320000000000000000e+02 4.268711077186201214e-02 -1.298969117336685464e-01
2.330000000000000000e+02 6.373212419427362052e-01 -9.141831488964509422e-02
2.340000000000000000e+02 1.058131886870603999e+00 -2.716066257048025887e-02
2.350000000000000000e+02 1.089024903775556163e+00 4.154693555019887269e-02
2.360000000000000000e+02 1.067579967335823499e+00 1.053278918789647689e-01
2.370000000000000000e+02 1.042782941455935752e+00 1.636427857308141443e-01
2.380000000000000000e+02 1.018234488794212966e+00 2.168210689922547008e-01
2.390000000000000000e+02 9.942107924482345149e-01 2.652313408994483868e-01
2.400000000000000000e+02 9.707256170140992069e-01 3.092218360204665450e-01
2.410000000000000000e+02 9.477688537616359987e-01 3.491171776025909779e-01
2.420000000000000000e+02 9.253280986116133588e-01 3.852194125771728483e-01
2.430000000000000000e+02 9.033908650626676362e-01 4.178095848692628400e-01
2.440000000000000000e+02 8.819448089144363845e-01 4.471491718340741550e-01
2.450000000000000000e+02 8.609777792540960206e-01 4.734813329235386115e-01
2.460000000000000000e+02 8.404777979267201715e-01 4.970322329223383906e-01
2.470000000000000000e+02 8.204330201141479817e-01 5.180121663518721942e-01
2.480000000000000000e+02 8.008317084827427657e-01 5.366166358691547567e-01
2.490000000000000000e+02 7.816622078891242165e-01 5.530273654365476244e-01
2.500000000000000000e+02 7.629128505438294017e-01 5.674132595276788482e-01
2.510000000000000000e+02 7.445719710730790419e-01 5.799311879798263458e-01
2.520000000000000000e+02 7.266277903163590457e-01 5.907268989146353677e-01
2.530000000000000000e+02 7.090683204627741265e-01 5.999356304851451993e-01
2.540000000000000000e+02 6.918812630633661698e-01 6.076829999790053227e-01
2.550000000000000000e+02 6.750537927455966258e-01 6.140854930849706239e-01
2.560000000000000000e+02 6.585723999564635500e-01 6.192510414903185101e-01
2.570000000000000000e+02 6.424225761334998452e-01 6.232796382106814415e-01
2.580000000000000000e+02 6.265883878475786428e-01 6.262637778202581051e-01
2.590000000000000000e+02 6.110519082945026215e-01 6.282888854658542632e-01
2.600000000000000000e+02 5.957923958589802504e-01 6.294336803017972493e-01
2.610000000000000000e+02 5.807850876712475907e-01 6.297704669781675202e-01
2.620000000000000000e+02 5.659994654881010945e-01 6.293653313385871861e-01
2.630000000000000000e+02 5.513966103680771891e-01 6.282782270487851095e-01
2.640000000000000000e+02 5.369251433787504135e-01 6.265628917747313453e-01
2.650000000000000000e+02 5.225148739578752144e-01 6.242665207628231849e-01
2.660000000000000000e+02 5.080666171002391485e-01 6.214290717424385546e-01
2.670000000000000000e+02 4.934354399331287722e-01 6.180819814180336103e-01
2.680000000000000000e+02 4.784020858867494841e-01 6.142458945911453139e-01
2.690000000000000000e+02 4.626227117225699126e-01 6.099266967539868078e-01
2.700000000000000000e+02 4.455363029094158156e-01 6.051084652566401934e-01
2.710000000000000000e+02 4.261852274112090666e-01 5.997405718123309804e-01
2.720000000000000000e+02 4.028432491510910984e-01 5.937129219998136254e-01
2.730000000000000000e+02 3.721765278109326336e-01 5.868052314578154904e-01
2.740000000000000000e+02 3.271328013901690368e-01 5.785734873733017203e-01
2.750000000000000000e+02 2.508442719196574688e-01 5.680637549989431268e-01
2.760000000000000000e+02 9.624589876894715235e-02 5.529753325173559775e-01
2.770000000000000000e+02 -2.740485072258870280e-01 5.269981733545714420e-01
2.780000000000000000e+02 -8.768066679277404241e-01 4.775261207620061787e-01
2.790000000000000000e+02 -1.067766329208199583e+00 4.110337670411063904e-01
2.800000000000000000e+02 -1.062709169867662284e+00 3.461006542450954515e-01
2.810000000000000000e+02 -1.038585265683908299e+00 2.864460382890484658e-01
2.820000000000000000e+02 -1.013319629628068874e+00 2.320318584714994303e-01
2.830000000000000000e+02 -9.883982233716657184e-01 1.825093571045832141e-01
2.840000000000000000e+02 -9.639456800707413286e-01 1.375269551606405349e-01
2.850000000000000000e+02 -9.399584444655274540e-01 9.675504928517318637e-02
2.860000000000000000e+02 -9.164182851017577125e-01 5.988689179109116245e-02
2.870000000000000000e+02 -8.933042474622896467e-01 2.663751910706789114e-02
2.880000000000000000e+02 -8.705939099264607961e-01 -3.257765323217403069e-03
2.890000000000000000e+02 -8.482631410579504205e-01 -3.004463018656999829e-02
2.900000000000000000e+02 -8.262856931920734560e-01 -5.395092250868777084e-02
2.910000000000000000e+02 -8.046326193763515544e-01 -7.518775422713196155e-02
2.920000000000000000e+02 -7.832714354296681503e-01 -9.395048546912876386e-02
2.930000000000000000e+02 -7.621650385189222554e-01 -1.104195854547041777e-01
2.940000000000000000e+02 -7.412701736106489525e-01 -1.247613990119937205e-01
2.950000000000000000e+02 -7.205353443839261907e-01 -1.371287386268955910e-01
2.960000000000000000e+02 -6.998978547735641431e-01 -1.476613385072812201e-01
2.970000000000000000e+02 -6.792793817228144349e-01 -1.564861021685799713e-01
2.980000000000000000e+02 -6.585795670315592876e-01 -1.637170599419222883e-01
2.990000000000000000e+02 -6.376660142221645122e-01 -1.694549557383760729e-01
3.000000000000000000e+02 -6.163585819151581324e-01 -1.737862437708261043e-01
3.010000000000000000e+02 -5.944035354199050936e-01 -1.767811681092683884e-01
3.020000000000000000e+02 -5.714295168876741826e-01 -1.784903302026605298e-01
3.030000000000000000e+02 -5.468683660848659978e-01 -1.789385915353333134e-01
3.040000000000000000e+02 -5.198047844898894265e-01 -1.781140458829301720e-01
3.050000000000000000e+02 -4.886696991594883799e-01 -1.759471702346686039e-01
3.060000000000000000e+02 -4.505579460173858575e-01 -1.722687744961978740e-01
3.070000000000000000e+02 -3.995344087991403170e-01 -1.667173418042220689e-01
3.080000000000000000e+02 -3.218014023425126435e-01 -1.585090190831587864e-01
3.090000000000000000e+02 -1.794748499777624462e-01 -1.457717061142216608e-01
3.100000000000000000e+02 1.461037861162170770e-01 -1.233219084697050466e-01
3.110000000000000000e+02 7.896284122654055881e-01 -7.833331128328523130e-02
3.120000000000000000e+02 1.079681444576056082e+00 -1.104573212574470539e-02
3.130000000000000000e+02 1.085109531126086990e+00 5.675470925498453389e-02
3.140000000000000000e+02 1.061892078821998764e+00 1.192572268287859366e-01
3.150000000000000000e+02 1.037076914835581842e+00 1.763539623333541251e-01
3.160000000000000000e+02 1.012643909942994025e+00 2.284000617770775010e-01
3.170000000000000000e+02 9.887449177058178496e-01 2.757605922097574047e-01
3.180000000000000000e+02 9.653827243707759909e-01 3.187783210355943919e-01
3.190000000000000000e+02 9.425461182040275609e-01 3.577725200459999644e-01
3.200000000000000000e+02 9.202226431634642489e-01 3.930402577093989325e-01
3.210000000000000000e+02 8.983998372175345803e-01 4.248579702750089893e-01
3.220000000000000000e+02 8.770653257144125359e-01 4.534827619719494773e-01
3.230000000000000000e+02 8.562071315343422473e-01 4.791537694956051197e-01
3.240000000000000000e+02 8.358132284523903666e-01 5.020933931961514274e-01
3.250000000000000000e+02 8.158718001108715701e-01 5.225084501842697238e-01
3.260000000000000000e+02 7.963711391853324217e-01 5.405911561488282446e-01
3.270000000000000000e+02 7.772995929502821699e-01 5.565201986274842527e-01
3.280000000000000000e+02 7.586455168178936059e-01 5.704616161804337837e-01
3.290000000000000000e+02 7.403972150429199983e-01 5.825696589225290989e-01
3.300000000000000000e+02 7.225428663959224673e-01 5.929875808858603436e-01
3.310000000000000000e+02 7.050704203604277742e-01 6.018483759732015104e-01
3.320000000000000000e+02 6.879674668143589411e-01 6.092754565639038056e-01
3.330000000000000000e+02 6.712210628276864544e-01 6.153832794681581841e-01
3.340000000000000000e+02 6.548174964645590013e-01 6.202779213429753247e-01
3.350000000000000000e+02 6.387419671588773218e-01 6.240575998933968194e-01
3.360000000000000000e+02 6.229781410531343155e-01 6.268131428808896288e-01
3.370000000000000000e+02 6.075075256941289137e-01 6.286283988610478213e-01
3.380000000000000000e+02 5.923085759783653925e-01 6.295805843500806853e-01
3.390000000000000000e+02 5.773553856797744022e-01 6.297405550037986632e-01
3.400000000000000000e+02 5.626157879630488967e-01 6.291729799117077304e-01
3.410000000000000000e+02 5.480483899332435627e-01 6.279363959483119650e-01
3.420000000000000000e+02 5.335981357909663769e-01 6.260830687068743572e-01
3.430000000000000000e+02 5.191892540335120154e-01 6.236586036734926841e-01
3.440000000000000000e+02 5.047138170673695079e-01 6.207011345155077908e-01
3.450000000000000000e+02 4.900128415772653234e-01 6.172398550383152438e-01
3.460000000000000000e+02 4.748439225172624290e-01 6.132924427481675211e-01
3.470000000000000000e+02 4.588234894370272210e-01 6.088605291370706718e-01
3.480000000000000000e+02 4.413195887316592181e-01 6.039216305693495546e-01
3.490000000000000000e+02 4.212409487238186756e-01 5.984142274187136401e-01
3.500000000000000000e+02 3.965918374321571460e-01 5.922087342206043825e-01
3.510000000000000000e+02 3.634452270499833326e-01 5.850469579231156736e-01
3.520000000000000000e+02 3.132823100646037195e-01 5.764032106066729888e-01
3.530000000000000000e+02 2.250322685321221594e-01 5.651227771033799918e-01
3.540000000000000000e+02 3.788349008882493929e-02 5.483280247813226982e-01
3.550000000000000000e+02 -4.106856948613968328e-01 5.180870679115762156e-01
3.560000000000000000e+02 -9.633649690065637650e-01 4.627479168161915402e-01
3.570000000000000000e+02 -1.071824403317879204e+00 3.956362308952163231e-01
3.580000000000000000e+02 -1.057531999606457607e+00 3.318591893161267348e-01
3.590000000000000000e+02 -1.032751167780706858e+00 2.734403517233455760e-01
3.600000000000000000e+02 -1.007530670521482374e+00 2.201866635065150013e-01
3.610000000000000000e+02 -9.827153319234047668e-01 1.717419754317018321e-01
3.620000000000000000e+02 -9.583714155273640456e-01 1.277592870208984210e-01
3.630000000000000000e+02 -9.344890885296150973e-01 8.791432590553020787e-02
3.640000000000000000e+02 -9.110491235229501994e-01 5.190550912505283859e-02
3.650000000000000000e+02 -8.880302807552955535e-01 1.945265897746880149e-02
3.660000000000000000e+02 -8.654097177760817772e-01 -9.704418480662269780e-03
3.670000000000000000e+02 -8.431628679582867658e-01 -3.580717859096081701e-02
3.680000000000000000e+02 -8.212629317530163453e-01 -5.907951460845604907e-02
3.690000000000000000e+02 -7.996802217329559426e-01 -7.972882332870551148e-02
3.700000000000000000e+02 -7.783813069925070716e-01 -9.794694952199857474e-02
3.710000000000000000e+02 -7.573278103509687442e-01 -1.139110528562397029e-01
3.720000000000000000e+02 -7.364747831667129985e-01 -1.277843016238456308e-01
3.730000000000000000e+02 -7.157684620899424921e-01 -1.397164588109710559e-01
3.740000000000000000e+02 -6.951429814449817668e-01 -1.498442886517299399e-01
3.750000000000000000e+02 -6.745156271877013054e-01 -1.582917361619272656e-01
3.760000000000000000e+02 -6.537796920852099181e-01 -1.651698233138464977e-01
3.770000000000000000e+02 -6.327934524918191750e-01 -1.705761150085399747e-01
3.780000000000000000e+02 -6.113625406514794358e-01 -1.745935364012802526e-01
3.790000000000000000e+02 -5.892109257229555253e-01 -1.772881767141540887e-01
3.800000000000000000e+02 -5.659306790786513552e-01 -1.787053731088281416e-01
3.810000000000000000e+02 -5.408906838713066767e-01 -1.788627347909619025e-01
3.820000000000000000e+02 -5.130606507487051049e-01 -1.777374321441084482e-01
3.830000000000000000e+02 -4.806453704846918584e-01 -1.752418393259550788e-01
3.840000000000000000e+02 -4.402522230066635567e-01 -1.711735292273278419e-01
3.850000000000000000e+02 -3.847627661833638579e-01 -1.651023303654632624e-01
3.860000000000000000e+02 -2.970351371980566868e-01 -1.560807216910018447e-01
3.870000000000000000e+02 -1.280272716596338178e-01 -1.417722115765553681e-01
3.880000000000000000e+02 2.723019182941717187e-01 -1.155408522114206304e-01
3.890000000000000000e+02 9.117679394608529941e-01 -6.387585246652126292e-02
3.900000000000000000e+02 1.089011362327292343e+00 4.979150744598142588e-03
3.910000000000000000e+02 1.080295970242872272e+00 7.166646987451183448e-02
3.920000000000000000e+02 1.056164454894225946e+00 1.328963285173118125e-01
3.930000000000000000e+02 1.031395377772033939e+00 1.887947690654626920e-01
3.940000000000000000e+02 1.007082765234302402e+00 2.397283159686288967e-01
3.950000000000000000e+02 9.833083400206668045e-01 2.860574864073210377e-01
3.960000000000000000e+02 9.600684865432685955e-01 3.281195465811445611e-01
3.970000000000000000e+02 9.373513526462197154e-01 3.662285278829976454e-01
3.980000000000000000e+02 9.151444732098480417e-01 4.006765984248564227e-01
3.990000000000000000e+02 8.934353963811153543e-01 4.317356030995667115e-01
4.000000000000000000e+02 8.722118504195718325e-01 4.596584107618335024e-01
4.010000000000000000e+02 8.514618019401998250e-01 4.846801864408212257e-01
4.020000000000000000e+02 8.311733166266859207e-01 5.070196349400795111e-01
4.030000000000000000e+02 8.113346054427180709e-01 5.268800989467700147e-01
4.040000000000000000e+02 7.919339782167262864e-01 5.444505924354016146e-01
4.050000000000000000e+02 7.729597861057857511e-01 5.599068296033593573e-01
4.060000000000000000e+02 7.544003461665946819e-01 5.734120456478647432e-01
4.070000000000000000e+02 7.362439801855961141e-01 5.851178728494951242e-01
4.080000000000000000e+02 7.184788265592793044e-01 5.951651289770223396e-01
4.090000000000000000e+02 7.010927467208554198e-01 6.036845820952464470e-01
4.100000000000000000e+02 6.840732154357511696e-01 6.107974911087159509e-01
4.110000000000000000e+02 6.674071507157360861e-01 6.166163361844965163e-01
4.120000000000000000e+02 6.510806192496153555e-01 6.212453369136368142e-01
4.130000000000000000e+02 6.350785115556104587e-01 6.247809666875451251e-01
4.140000000000000000e+02 6.193840602127054229e-01 6.273124087209829280e-01
4.150000000000000000e+02 6.039781591249520076e-01 6.289219537476434807e-01
4.160000000000000000e+02 5.888383929875256051e-01 6.296853296839721725e-01
4.170000000000000000e+02 5.739376107213565170e-01 6.296719539243539332e-01
4.180000000000000000e+02 5.592418129586429476e-01 6.289450820760583705e-01
4.190000000000000000e+02 5.447069463801287315e-01 6.275618225775534409e-01
4.200000000000000000e+02 5.302739094494107741e-01 6.255729531920202202e-01
4.210000000000000000e+02 5.158607259988683413e-01 6.230224452000036051e-01
4.220000000000000000e+02 5.013497540136880870e-01 6.199465330037955413e-01
4.230000000000000000e+02 4.865663089544244313e-01 6.163720359377515834e-01
4.240000000000000000e+02 4.712418013599559141e-01 6.123134255809238313e-01
4.250000000000000000e+02 4.549474903497690570e-01 6.077676673215430814e-01
4.260000000000000000e+02 4.369697353274988316e-01 6.027049492323128810e-01
4.270000000000000000e+02 4.160611547823143685e-01 5.970513782683786186e-01
4.280000000000000000e+02 3.899055665982065211e-01 5.906548267594438073e-01
4.290000000000000000e+02 3.538533516364965603e-01 5.832122992376072013e-01
4.300000000000000000e+02 2.975421827821388976e-01 5.740988943661110566e-01
4.310000000000000000e+02 1.944210083264946154e-01 5.619072805343618970e-01
4.320000000000000000e+02 -3.423461897662975761e-02 5.430117329939861959e-01
4.330000000000000000e+02 -5.609119202444732277e-01 5.076674511630805409e-01
4.340000000000000000e+02 -1.018246258856262410e+00 4.474039585490567350e-01
4.350000000000000000e+02 -1.071441115311768000e+00 3.804671262220694072e-01
4.360000000000000000e+02 -1.052016493768927363e+00 3.179075194043579078e-01
4.370000000000000000e+02 -1.026911477950349205e+00 2.607100652780683370e-01
4.380000000000000000e+02 -1.001765001495382279e+00 2.085975578330749036e-01
4.390000000000000000e+02 -9.770578158564844351e-01 1.612121687763731492e-01
4.400000000000000000e+02 -9.528218560629069245e-01 1.182119121243816601e-01
4.410000000000000000e+02 -9.290433913814796218e-01 7.927784599482462502e-02
4.420000000000000000e+02 -9.057025040594111065e-01 4.411343895814346522e-02
4.430000000000000000e+02 -8.827776274426821779e-01 1.244325308885519017e-02
4.440000000000000000e+02 -8.602455219476699000e-01 -1.598847830469219897e-02
4.450000000000000000e+02 -8.380811711885363113e-01 -4.141905779704665308e-02
4.460000000000000000e+02 -8.162571690515902922e-01 -6.406848301547472813e-02
4.470000000000000000e+02 -7.947430506031148978e-01 -8.414048373331031727e-02
4.480000000000000000e+02 -7.735043476953151753e-01 -1.018234547520178029e-01
4.490000000000000000e+02 -7.525013457010721885e-01 -1.172912559972515145e-01
4.500000000000000000e+02 -7.316873047291121424e-01 -1.307039186183988067e-01
4.510000000000000000e+02 -7.110059945586393315e-01 -1.422081787303081379e-01
4.520000000000000000e+02 -6.903881556672960551e-01 -1.519378369557775332e-01
4.530000000000000000e+02 -6.697462692318237876e-01 -1.600138802674205551e-01
4.540000000000000000e+02 -6.489667447036601144e-01 -1.665442957800508939e-01
4.550000000000000000e+02 -6.278975468214734734e-01 -1.716234023560803124e-01
4.560000000000000000e+02 -6.063286732206991658e-01 -1.753304888637207681e-01
4.570000000000000000e+02 -5.839591457905776162e-01 -1.777272857920411953e-01
4.580000000000000000e+02 -5.603397716093325709e-01 -1.788535035635467063e-01
4.590000000000000000e+02 -5.347675253668503492e-01 -1.787188469211280772e-01
4.600000000000000000e+02 -5.060786070570243433e-01 -1.772883142981064031e-01
4.610000000000000000e+02 -4.722103150995427545e-01 -1.744536544025910574e-01
4.620000000000000000e+02 -4.291788037290155122e-01 -1.699735834172260984e-01
4.630000000000000000e+02 -3.683838205266956600e-01 -1.633351957506182783e-01
4.640000000000000000e+02 -2.683275694596339300e-01 -1.533861479435309760e-01
4.650000000000000000e+02 -6.506685671365451673e-02 -1.371848471824769766e-01
4.660000000000000000e+02 4.206268859336648736e-01 -1.063099492839849197e-01
4.670000000000000000e+02 9.959881617727387448e-01 -4.846924879748382153e-02
4.680000000000000000e+02 1.091416681162518998e+00 2.081066517917790418e-02
4.690000000000000000e+02 1.075005296067387484e+00 8.628140547075736910e-02
4.700000000000000000e+02 1.050427210106163356e+00 1.462514702842951375e-01
4.710000000000000000e+02 1.025740014233926134e+00 2.009715517710988775e-01
4.720000000000000000e+02 1.001550384211102873e+00 2.508117513239777052e-01
4.730000000000000000e+02 9.779001773100304273e-01 2.961274933870449155e-01
4.740000000000000000e+02 9.547820206388801800e-01 3.372505847907993348e-01
4.750000000000000000e+02 9.321836948290384006e-01 3.744898816993926793e-01
4.760000000000000000e+02 9.100927506444341786e-01 4.081327304728596395e-01
4.770000000000000000e+02 8.884967631761339080e-01 4.384464813310945952e-01
4.780000000000000000e+02 8.673835118735810923e-01 4.656798082801079652e-01
4.790000000000000000e+02 8.467409910452630140e-01 4.900639765197098985e-01
4.800000000000000000e+02 8.265573051711267993e-01 5.118140496512268989e-01
4.810000000000000000e+02 8.068206882414883374e-01 5.311299782123781732e-01
4.820000000000000000e+02 7.875194575355185522e-01 5.481976287323894192e-01
4.830000000000000000e+02 7.686419689248239484e-01 5.631897394940090784e-01
4.840000000000000000e+02 7.501765640921994605e-01 5.762668073875033548e-01
4.850000000000000000e+02 7.321115007182217305e-01 5.875779145339241616e-01
4.860000000000000000e+02 7.144348659067364382e-01 5.972614930700166358e-01
4.870000000000000000e+02 6.971344623730368895e-01 6.054460348324677277e-01
4.880000000000000000e+02 6.801976589795741823e-01 6.122507457496535466e-01
4.890000000000000000e+02 6.636111914909305076e-01 6.177861482302564600e-01
4.900000000000000000e+02 6.473608917384895411e-01 6.221546314268072697e-01
4.910000000000000000e+02 6.314313165239016090e-01 6.254509485531348778e-01
4.920000000000000000e+02 6.158052273620160388e-01 6.277626600958047254e-01
4.930000000000000000e+02 6.004628550926686126e-01 6.291705158403668730e-01
4.940000000000000000e+02 5.853808381125248372e-01 6.297487691302490198e-01
4.950000000000000000e+02 5.705306627837419819e-01 6.295654065640317043e-01
4.960000000000000000e+02 5.558763567005045036e-01 6.286822701995435914e-01
4.970000000000000000e+02 5.413708973883415432e-01 6.271550341617810886e-01
4.980000000000000000e+02 5.269507541713800425e-01 6.250329604628107605e-01
4.990000000000000000e+02 5.125271139984192148e-01 6.223583415768035865e-01
5.000000000000000000e+02 4.979714486376467519e-01 6.191654203575917004e-01
5.010000000000000000e+02 4.830915013031072403e-01 6.154784927473495593e-01
5.020000000000000000e+02 4.675890894589226354e-01 6.113085570010553527e-01
5.030000000000000000e+02 4.509838786957134360e-01 6.066474318403063393e-01
5.040000000000000000e+02 4.324679262857100692e-01 6.014570917521986360e-01
5.050000000000000000e+02 4.106108391670066360e-01 5.956495312811171949e-01
5.060000000000000000e+02 3.827134315735261638e-01 5.890464279209288723e-01
5.070000000000000000e+02 3.432400657160576407e-01 5.812915324727367938e-01
5.080000000000000000e+02 2.794915976785497524e-01 5.716385219910015136e-01
5.090000000000000000e+02 1.577199387575309308e-01 5.583594191292767794e-01
5.100000000000000000e+02 -1.234347778791178712e-01 5.368605121887104481e-01
5.110000000000000000e+02 -7.101453322074080532e-01 4.956842419980526659e-01
5.120000000000000000e+02 -1.049333075459822906e+00 4.318223762434881263e-01
5.130000000000000000e+02 -1.068571653751306583e+00 3.655606643427598001e-01
5.140000000000000000e+02 -1.046320780435348041e+00 3.042432469922070060e-01
5.150000000000000000e+02 -1.021079476305704725e+00 2.482501717152019172e-01
5.160000000000000000e+02 -9.960235135380439697e-01 1.972596424044104624e-01
5.170000000000000000e+02 -9.714253427240241434e-01 1.509153663342341078e-01
5.180000000000000000e+02 -9.472965306751048864e-01 1.088806063206767122e-01
5.190000000000000000e+02 -9.236208511039906144e-01 7.084166986832252100e-02
5.200000000000000000e+02 -9.003779151937817415e-01 3.650705026344083087e-02
5.210000000000000000e+02 -8.775457531676419398e-01 5.605942172684381594e-03
5.220000000000000000e+02 -8.551007862152573136e-01 -2.211304787424503773e-02
5.230000000000000000e+02 -8.330174797449462210e-01 -4.688313391016001030e-02
5.240000000000000000e+02 -8.112677957864898870e-01 -6.892047184401663140e-02
5.250000000000000000e+02 -7.898204413242566613e-01 -8.842517242734405924e-02
5.260000000000000000e+02 -7.686398766344297862e-01 -1.055822066406694182e-01
5.270000000000000000e+02 -7.476849298408306810e-01 -1.205621982730465253e-01
5.280000000000000000e+02 -7.269069091645543601e-01 -1.335220688166435243e-01
5.290000000000000000e+02 -7.062469603507267601e-01 -1.446055442493765775e-01
5.300000000000000000e+02 -6.856321399636089442e-01 -1.539434687860268269e-01
5.310000000000000000e+02 -6.649697523830691015e-01 -1.616538595672830925e-01
5.320000000000000000e+02 -6.441386265165242042e-01 -1.678416288077936580e-01
5.330000000000000000e+02 -6.229754600386840924e-01 -1.725977844256952332e-01
5.340000000000000000e+02 -6.012528129463191595e-01 -1.759978392556744153e-01
5.350000000000000000e+02 -5.786418826357432321e-01 -1.780989384324102032e-01
5.360000000000000000e+02 -5.546467763175381149e-01 -1.789347529118839875e-01
5.370000000000000000e+02 -5.284820047450803360e-01 -1.785063260909811600e-01
5.380000000000000000e+02 -4.988282733623669585e-01 -1.767650346231290082e-01
5.390000000000000000e+02 -4.633046886440218004e-01 -1.735789865206618376e-01
5.400000000000000000e+02 -4.172056163095655967e-01 -1.686611815210693199e-01
5.410000000000000000e+02 -3.500593923393582330e-01 -1.613982188758899539e-01
5.420000000000000000e+02 -2.346418162431124499e-01 -1.503789087915532730e-01
5.430000000000000000e+02 1.269294767827326871e-02 -1.318692076582250738e-01
5.440000000000000000e+02 5.827972776773437946e-01 -9.543793385658741468e-02
5.450000000000000000e+02 1.046860638895879214e+00 -3.254550598908642622e-02
5.460000000000000000e+02 1.090014509149180411e+00 3.639192759692443102e-02
5.470000000000000000e+02 1.069466251669841217e+00 1.005999849080482095e-01
5.480000000000000000e+02 1.044697616935777118e+00 1.593269511531215099e-01
5.490000000000000000e+02 1.020112276404489426e+00 2.128886222063536560e-01
5.500000000000000000e+02 9.960468673532569817e-01 2.616544130398917312e-01
5.510000000000000000e+02 9.725203920843698002e-01 3.059743837469949823e-01
5.520000000000000000e+02 9.495232601388282623e-01 3.461749517621394157e-01
5.530000000000000000e+02 9.270430967712739445e-01 3.825598534632617675e-01
5.540000000000000000e+02 9.050674183391849148e-01 4.154117032107921825e-01
5.550000000000000000e+02 8.835838664448801838e-01 4.449934426313751357e-01
5.560000000000000000e+02 8.625802672768622115e-01 4.715495976881564077e-01
5.570000000000000000e+02 8.420446399996694975e-01 4.953076049472085463e-01
5.580000000000000000e+02 8.219651266333168893e-01 5.164789447056825633e-01
5.590000000000000000e+02 8.023299819898411789e-01 5.352602264580119673e-01
5.600000000000000000e+02 7.831275477538772734e-01 5.518341996464555255e-01
5.610000000000000000e+02 7.643461597510364802e-01 5.663707348033412137e-01
5.620000000000000000e+02 7.459741495244308629e-01 5.790275950455853193e-01
5.630000000000000000e+02 7.279997553733436044e-01 5.899513465845880322e-01
5.640000000000000000e+02 7.104110080328979171e-01 5.992780619730614378e-01
5.650000000000000000e+02 6.931956380961428188e-01 6.071340281576822484e-01
5.660000000000000000e+02 6.763408689227529136e-01 6.136364355635665069e-01
5.670000000000000000e+02 6.598332497785568407e-01 6.188938510417427707e-01
5.680000000000000000e+02 6.436583654337680871e-01 6.230068656201935839e-01
5.690000000000000000e+02 6.278004095239840820e-01 6.260685366802070106e-01
5.700000000000000000e+02 6.122416348874604175e-01 6.281648215018442727e-01
5.710000000000000000e+02 5.969615541235891998e-01 6.293749458734085866e-01
5.720000000000000000e+02 5.819357672503033818e-01 6.297717015658319539e-01
5.730000000000000000e+02 5.671342852376392019e-01 6.294216497358654516e-01
5.740000000000000000e+02 5.525189530287946127e-01 6.283852182145069909e-01
5.750000000000000000e+02 5.380395517619745993e-01 6.267166328392986818e-01
5.760000000000000000e+02 5.236276361246264832e-01 6.244636126656930575e-01
5.770000000000000000e+02 5.091867561995123692e-01 6.216667111796452261e-01
5.780000000000000000e+02 4.945763315092030488e-01 6.183580878845319484e-01
5.790000000000000000e+02 4.795842673836370196e-01 6.145593343307954592e-01
5.800000000000000000e+02 4.638789230364742666e-01 6.102776762187412940e-01
5.810000000000000000e+02 4.469209133973693349e-01 6.054992343129729226e-01
5.820000000000000000e+02 4.277929935052758870e-01 6.001767346372294254e-01
5.830000000000000000e+02 4.048494026441785687e-01 5.942060130381529026e-01
5.840000000000000000e+02 3.749307189054255640e-01 5.873781586771963381e-01
5.850000000000000000e+02 3.314071421757667224e-01 5.792732306600317793e-01
5.860000000000000000e+02 2.585916957340642086e-01 5.689951176617069617e-01
5.870000000000000000e+02 1.132377752971521351e-01 5.544053803856312523e-01
5.880000000000000000e+02 -2.327154270442802209e-01 5.296736967075438285e-01
5.890000000000000000e+02 -8.401185109940887408e-01 4.822782981323755491e-01
5.900000000000000000e+02 -1.064885773168236183e+00 4.162293616965630494e-01
5.910000000000000000e+02 -1.064322687060526240e+00 3.509330968885022162e-01
5.920000000000000000e+02 -1.040533434814491454e+00 2.908623264984649404e-01
5.930000000000000000e+02 -1.015262517914924834e+00 2.360553420580256412e-01
5.940000000000000000e+02 -9.903063947190613447e-01 1.861678302459089107e-01
5.950000000000000000e+02 -9.658173714755782235e-01 1.408468399905187796e-01
5.960000000000000000e+02 -9.417947906044171758e-01 9.976097340224741872e-02
5.970000000000000000e+02 -9.182208346187175074e-01 6.260175337365257719e-02
5.980000000000000000e+02 -8.950746589458494773e-01 2.908258577066533124e-02
5.990000000000000000e+02 -8.723339837611034930e-01 -1.062745123114069642e-03
6.000000000000000000e+02 -8.499748059593023042e-01 -2.808133334976517514e-02
6.010000000000000000e+02 -8.279710631636176821e-01 -5.220236195596003603e-02
6.020000000000000000e+02 -8.062940442609239922e-01 -7.363819899523792178e-02
6.030000000000000000e+02 -7.849115724059473331e-01 -9.258538894459436563e-02
6.040000000000000000e+02 -7.637869501602533306e-01 -1.092255218195894578e-01
6.050000000000000000e+02 -7.428774623661833498e-01 -1.237260107889732452e-01
6.060000000000000000e+02 -7.221323375935712052e-01 -1.362406948615162428e-01
6.070000000000000000e+02 -7.014898926236753374e-01 -1.469103058478172796e-01
6.080000000000000000e+02 -6.808731949933573002e-01 -1.558627364744811505e-01
6.090000000000000000e+02 -6.601838920832122648e-01 -1.632130196845568149e-01
6.100000000000000000e+02 -6.392925287703096204e-01 -1.690629523452766292e-01
6.110000000000000000e+02 -6.180234057878469800e-01 -1.735001460124140360e-01
6.120000000000000000e+02 -5.961297329214308993e-01 -1.765961945382667764e-01
6.130000000000000000e+02 -5.732514631244503001e-01 -1.784033897853329054e-01
6.140000000000000000e+02 -5.488397305780537971e-01 -1.789488897781120746e-01
6.150000000000000000e+02 -5.220141557279510680e-01 -1.782242003461704805e-01
6.160000000000000000e+02 -4.912734236370867591e-01 -1.761653642435010159e-01
6.170000000000000000e+02 -4.538561450965054034e-01 -1.726132422155990664e-01
6.180000000000000000e+02 -4.041690189276961331e-01 -1.672266690522508925e-01
6.190000000000000000e+02 -3.293552589461135605e-01 -1.592691205360434181e-01
6.200000000000000000e+02 -1.945992228497611665e-01 -1.469990037895803903e-01
6.210000000000000000e+02 1.090526248894906486e-01 -1.256452128014892700e-01
6.220000000000000000e+02 7.412084437615215071e-01 -8.288430248431639946e-02
6.230000000000000000e+02 1.074169561665722750e+00 -1.643748750313898249e-02
6.240000000000000000e+02 1.086549331205474367e+00 5.169645854852138872e-02
6.250000000000000000e+02 1.063802676406251146e+00 1.146268055673994035e-01
6.260000000000000000e+02 1.038984490036768182e+00 1.721291391163494444e-01
6.270000000000000000e+02 1.014512129718979638e+00 2.245520466812119531e-01
6.280000000000000000e+02 9.905713914591927072e-01 2.722619248399964498e-01
6.290000000000000000e+02 9.671681000927896399e-01 3.156033760541713806e-01
6.300000000000000000e+02 9.442913436753233025e-01 3.548974553244688135e-01
6.310000000000000000e+02 9.219286863403188814e-01 3.904428805144005699e-01
6.320000000000000000e+02 9.000676545538902618e-01 4.225176355416369045e-01
6.330000000000000000e+02 8.786958637409876260e-01 4.513802749052560626e-01
6.340000000000000000e+02 8.578013148819105815e-01 4.772712714214992769e-01
6.350000000000000000e+02 8.373719753993718040e-01 5.004142769585276929e-01
6.360000000000000000e+02 8.173960233037469436e-01 5.210172776993555743e-01
6.370000000000000000e+02 7.978617350239769479e-01 5.392735761242409831e-01
6.380000000000000000e+02 7.787574634088728631e-01 5.553628733068308732e-01
6.390000000000000000e+02 7.600715618723363765e-01 5.694521529162722695e-01
6.400000000000000000e+02 7.417923411823696966e-01 5.816965466008083840e-01
6.410000000000000000e+02 7.239079932799592498e-01 5.922401306837266066e-01
6.420000000000000000e+02 7.064064895798286559e-01 6.012166664601349408e-01
6.430000000000000000e+02 6.892754532496911946e-01 6.087502834957707609e-01
6.440000000000000000e+02 6.725019899863261541e-01 6.149561089731365726e-01
6.450000000000000000e+02 6.560724573933059967e-01 6.199408475010279584e-01
6.460000000000000000e+02 6.399721528953072891e-01 6.238033063454796467e-01
6.470000000000000000e+02 6.241848806763706792e-01 6.266348685410471075e-01
6.480000000000000000e+02 6.086923425618366856e-01 6.285199084910175760e-01
6.490000000000000000e+02 5.934732694331495972e-01 6.295361440968392230e-01
6.500000000000000000e+02 5.785021509131944573e-01 6.297549146791815433e-01
6.510000000000000000e+02 5.637473910363018925e-01 6.292413632541037360e-01
6.520000000000000000e+02 5.491684457628780436e-01 6.280545027517202561e-01
6.530000000000000000e+02 5.347115248857775560e-01 6.262470927512790997e-01
6.540000000000000000e+02 5.203027883353691374e-01 6.238652751574559341e-01
6.550000000000000000e+02 5.058373504566046064e-01 6.209478031562897238e-01
6.560000000000000000e+02 4.911610907669582970e-01 6.175246339985125399e-01
6.570000000000000000e+02 4.760396848191891239e-01 6.136144646462641239e-01
6.580000000000000000e+02 4.601034225367376940e-01 6.092203933174680230e-01
6.590000000000000000e+02 4.427452155500565256e-01 6.043222131399211827e-01
6.600000000000000000e+02 4.229208333030348155e-01 5.988622039082045490e-01
6.610000000000000000e+02 3.987299439722566397e-01 5.927176190878262751e-01
6.620000000000000000e+02 3.664570921409167070e-01 5.856436580227732946e-01
6.630000000000000000e+02 3.181116234495664497e-01 5.771437329959223650e-01
6.640000000000000000e+02 2.341538902270534628e-01 5.661354489778949173e-01
6.650000000000000000e+02 5.879744693945307410e-02 5.499511681955815412e-01
6.660000000000000000e+02 -3.629339879832560456e-01 5.212311121666847180e-01
6.670000000000000000e+02 -9.381975171857069862e-01 4.677773923294533120e-01
6.680000000000000000e+02 -1.071091355236280407e+00 4.007680963575503408e-01
6.690000000000000000e+02 -1.059313646642345397e+00 3.365947013115346831e-01
6.700000000000000000e+02 -1.034705860549680612e+00 2.777635620196047816e-01
6.710000000000000000e+02 -1.009466206489522566e+00 2.241235086082654093e-01
6.720000000000000000e+02 -9.846150456710380805e-01 1.753200612694622851e-01
6.730000000000000000e+02 -9.602348270766737359e-01 1.310046230898781749e-01
6.740000000000000000e+02 -9.363174938789621260e-01 9.085113690916282736e-02
6.750000000000000000e+02 -9.128441040701884557e-01 5.455630202098195325e-02
6.760000000000000000e+02 -8.897935331303066242e-01 2.183834409907702348e-02
6.770000000000000000e+02 -8.671430607887461450e-01 -7.564429930118788531e-03
6.780000000000000000e+02 -8.448682717493702921e-01 -3.389487911061289660e-02
6.790000000000000000e+02 -8.229425595418365935e-01 -5.737821376406727902e-02
6.800000000000000000e+02 -8.013364871576139636e-01 -7.822306939577555740e-02
6.810000000000000000e+02 -7.800169505444933815e-01 -9.662245971024104041e-02
6.820000000000000000e+02 -7.589460057533883308e-01 -1.127546522430916270e-01
6.830000000000000000e+02 -7.380792827179779581e-01 -1.267838726615295175e-01
6.840000000000000000e+02 -7.173637981135044805e-01 -1.388609024881772847e-01
6.850000000000000000e+02 -6.967347697169570253e-01 -1.491235001901957125e-01
6.860000000000000000e+02 -6.761110008424456863e-01 -1.576966002774772835e-01
6.870000000000000000e+02 -6.553879650845830795e-01 -1.646922351282150698e-01
6.880000000000000000e+02 -6.344271699597648917e-01 -1.702090411841526707e-01
6.890000000000000000e+02 -6.130391526703795613e-01 -1.743311362007094190e-01
6.900000000000000000e+02 -5.909556219716856074e-01 -1.771260208906887124e-01
6.910000000000000000e+02 -5.677813909747508880e-01 -1.786408335742406539e-01
6.920000000000000000e+02 -5.429073435663345215e-01 -1.788956792002105445e-01
6.930000000000000000e+02 -5.153435942251355373e-01 -1.778715149279742891e-01
6.940000000000000000e+02 -4.833748402635236197e-01 -1.754870347202321934e-01
6.950000000000000000e+02 -4.437820810846744846e-01 -1.715515112548061938e-01
6.960000000000000000e+02 -3.898725003026325409e-01 -1.656591698450751993e-01
6.970000000000000000e+02 -3.057218896634175120e-01 -1.569213359134812025e-01
6.980000000000000000e+02 -1.463899376554444742e-01 -1.431706783208054057e-01
6.990000000000000000e+02 2.274390887951970586e-01 -1.182954815739148263e-01
7.000000000000000000e+02 8.750145578377140909e-01 -6.884433187646754604e-02
7.010000000000000000e+02 1.086867867340322702e+00 -3.681730597560320048e-04
7.020000000000000000e+02 1.081976348113074637e+00 6.670724067378029642e-02
7.030000000000000000e+02 1.058084214992320193e+00 1.283620016936957153e-01
7.040000000000000000e+02 1.033294649916198127e+00 1.846593988695703070e-01
7.050000000000000000e+02 1.008941351918229090e+00 2.359632593844407100e-01
7.060000000000000000e+02 9.851252543113644400e-01 2.826357043139898217e-01
7.070000000000000000e+02 9.618445133656130519e-01 3.250158317975035960e-01
7.080000000000000000e+02 9.390874545630419901e-01 3.634194296002967173e-01
7.090000000000000000e+02 9.168416145992626110e-01 3.981402948561519883e-01
7.100000000000000000e+02 8.950945304139050762e-01 4.294517909923127319e-01
7.110000000000000000e+02 8.738339192178000703e-01 4.576082092473439666e-01
7.120000000000000000e+02 8.530477300847768563e-01 4.828460346558098304e-01
7.130000000000000000e+02 8.327240193277457569e-01 5.053852037188321100e-01
7.140000000000000000e+02 8.128509897654727645e-01 5.254302074246407495e-01
7.150000000000000000e+02 7.934169442025063024e-01 5.431711301206793019e-01
7.160000000000000000e+02 7.744102342144300044e-01 5.587846792816537622e-01
7.170000000000000000e+02 7.558191779872069915e-01 5.724350268479265758e-01
7.180000000000000000e+02 7.376321033943242789e-01 5.842746689414736183e-01
7.190000000000000000e+02 7.198371641734563342e-01 5.944452334896720425e-01
7.200000000000000000e+02 7.024222500749538467e-01 6.030782402555732169e-01
7.210000000000000000e+02 6.853748666004052525e-01 6.102956592435337946e-01
7.220000000000000000e+02 6.686819877804935919e-01 6.162106288536702836e-01
7.230000000000000000e+02 6.523297549476005930e-01 6.209279874611267624e-01
7.240000000000000000e+02 6.363031646933948737e-01 6.245447897534878168e-01
7.250000000000000000e+02 6.205855988438571114e-01 6.271507669828646492e-01
7.260000000000000000e+02 6.051581621880344208e-01 6.288287294988519349e-01
7.270000000000000000e+02 5.899987383330256296e-01 6.296549020347677050e-01
7.280000000000000000e+02 5.750806063920144151e-01 6.296991824720947761e-01
7.290000000000000000e+02 5.603703935888945109e-01 6.290252998547438690e-01
7.300000000000000000e+02 5.458249740882605838e-01 6.276908407771715215e-01
7.310000000000000000e+02 5.313866367794123358e-01 6.257470843239180125e-01
7.320000000000000000e+02 5.169755522090734301e-01 6.232385536180330421e-01
7.330000000000000000e+02 5.024774529308481119e-01 6.202021283912093619e-01
7.340000000000000000e+02 4.877231114418844049e-01 6.166654389274153214e-01
7.350000000000000000e+02 4.724530569827145587e-01 6.126440578737375464e-01
7.360000000000000000e+02 4.562543349975551887e-01 6.081365627407442354e-01
7.370000000000000000e+02 4.384419628536650460e-01 6.031156877043958309e-01
7.380000000000000000e+02 4.178235802184188663e-01 5.975118621179876799e-01
7.390000000000000000e+02 3.921966120729581395e-01 5.911808789903084671e-01
7.400000000000000000e+02 3.571696930318690177e-01 5.838355991265519185e-01
7.410000000000000000e+02 3.030461074007544942e-01 5.748865511473919554e-01
7.420000000000000000e+02 2.052762096321058827e-01 5.630176498925768547e-01
7.430000000000000000e+02 -8.356446345511494428e-03 5.448755739290077615e-01
7.440000000000000000e+02 -5.098562929359861107e-01 5.113307834208151714e-01
7.450000000000000000e+02 -1.002962348707677753e+00 4.525815890783829176e-01
7.460000000000000000e+02 -1.071921201096308618e+00 3.855175504769599026e-01
7.470000000000000000e+02 -1.053889091647521647e+00 3.225462170252524352e-01
7.480000000000000000e+02 -1.028866189496321359e+00 2.649416565161472059e-01
7.490000000000000000e+02 -1.003692616450764019e+00 2.124492416439901221e-01
7.500000000000000000e+02 -9.789490780444168871e-01 1.647112532896242432e-01
7.510000000000000000e+02 -9.546770608062129515e-01 1.213839910287980162e-01
7.520000000000000000e+02 -9.308639401158713689e-01 8.214674048632203407e-02
7.530000000000000000e+02 -9.074900129728684650e-01 4.670127678901246637e-02
7.540000000000000000e+02 -8.845338143477334825e-01 1.477059043028015536e-02
7.550000000000000000e+02 -8.619722377134785285e-01 -1.390256226908555964e-02
7.560000000000000000e+02 -8.397804287790286981e-01 -3.955686681248397896e-02
7.570000000000000000e+02 -8.179311828439883580e-01 -6.241361899895727511e-02
7.580000000000000000e+02 -7.963943027321072066e-01 -8.267776995313383392e-02
7.590000000000000000e+02 -7.751356682775907281e-01 -1.005388692903382841e-01
7.600000000000000000e+02 -7.541160243086735271e-01 -1.161718729206762252e-01
7.610000000000000000e+02 -7.332892544821179026e-01 -1.297378577317793991e-01
7.620000000000000000e+02 -7.125999675793298627e-01 -1.413845720554888219e-01
7.630000000000000000e+02 -6.919800716241515381e-01 -1.512468073953112391e-01
7.640000000000000000e+02 -6.713436962239593964e-01 -1.594465426311432732e-01
7.650000000000000000e+02 -6.505796310611385858e-01 -1.660927849727664718e-01
7.660000000000000000e+02 -6.295393881857214158e-01 -1.712809469218282699e-01
7.670000000000000000e+02 -6.080183912620750197e-01 -1.750915487416890293e-01
7.680000000000000000e+02 -5.857243249291788079e-01 -1.775878052539666130e-01
7.690000000000000000e+02 -5.622223701342435875e-01 -1.788113530349765001e-01
7.700000000000000000e+02 -5.368346625014068785e-01 -1.787746217238372348e-01
7.710000000000000000e+02 -5.084443619605684139e-01 -1.774468354936655501e-01
7.720000000000000000e+02 -4.750834607551027711e-01 -1.747269576264861013e-01
7.730000000000000000e+02 -4.329791114770201732e-01 -1.703874093544479329e-01
7.740000000000000000e+02 -3.740654298283772050e-01 -1.639447570479917460e-01
7.750000000000000000e+02 -2.784353592761757423e-01 -1.543205256329825970e-01
7.760000000000000000e+02 -8.761639167143456253e-02 -1.387940132403869264e-01
7.770000000000000000e+02 3.688185165177066960e-01 -1.095756479547916606e-01
7.780000000000000000e+02 9.719196416053257348e-01 -5.370471647988935698e-02
7.790000000000000000e+02 1.091154510509678488e+00 1.553632889570504688e-02
7.800000000000000000e+02 1.076812736461685516e+00 8.142164837985020609e-02
7.810000000000000000e+02 1.052347746556835162e+00 1.418117516727762650e-01
7.820000000000000000e+02 1.027630313813456375e+00 1.969241034591918682e-01
7.830000000000000000e+02 1.003399320364852576e+00 2.471282149286364305e-01
7.840000000000000000e+02 9.797075761482919587e-01 2.927812552819470393e-01
7.850000000000000000e+02 9.565487505476628627e-01 3.342168542624129879e-01
7.860000000000000000e+02 9.339107233184128498e-01 3.717455925211349266e-01
7.870000000000000000e+02 9.117810403307230471e-01 4.056564211281954435e-01
7.880000000000000000e+02 8.901472640663942171e-01 4.362181854987082219e-01
7.890000000000000000e+02 8.689971610631944676e-01 4.636809586723042997e-01
7.900000000000000000e+02 8.483187120560721217e-01 4.882773034952906932e-01
7.910000000000000000e+02 8.281000108640289570e-01 5.102234962054207346e-01
7.920000000000000000e+02 8.083292838745027575e-01 5.297206165845511627e-01
7.930000000000000000e+02 7.889948433851978749e-01 5.469555841394979634e-01
7.940000000000000000e+02 7.700850440455103696e-01 5.621021184541620253e-01
7.950000000000000000e+02 7.515882308340261497e-01 5.753216316924760765e-01
7.960000000000000000e+02 7.334926707822346792e-01 5.867640595352546784e-01
7.970000000000000000e+02 7.157864677950153132e-01 5.965686305635287123e-01
7.980000000000000000e+02 6.984574513870710488e-01 6.048645802875110000e-01
7.990000000000000000e+02 6.814930302488396707e-01 6.117718097059804405e-01
8.000000000000000000e+02 6.648799976440125103e-01 6.174014915654281177e-01
8.010000000000000000e+02 6.486042668835027003e-01 6.218566247906508471e-01
8.020000000000000000e+02 6.326505095294088221e-01 6.252325357611687728e-01
8.030000000000000000e+02 6.170016486420825119e-01 6.276173260419702915e-01
8.040000000000000000e+02 6.016381431470628760e-01 6.290922592678834802e-01
8.050000000000000000e+02 5.865369571299919871e-01 6.297320810399615887e-01
8.060000000000000000e+02 5.716700446652016598e-01 6.296052561568477035e-01
8.070000000000000000e+02 5.570021193463365883e-01 6.287740996832373863e-01
8.080000000000000000e+02 5.424871736572294267e-01 6.272947677380487086e-01
8.090000000000000000e+02 5.280632117826282723e-01 6.252170321070227299e-01
8.100000000000000000e+02 5.136437983914063921e-01 6.225837541563015165e-01
8.110000000000000000e+02 4.991041637648074847e-01 6.194298523896851760e-01
8.120000000000000000e+02 4.842581803437270849e-01 6.157804872871762703e-01
8.130000000000000000e+02 4.688179696103680905e-01 6.116478507034259771e-01
8.140000000000000000e+02 4.523212440623813890e-01 6.070255420434336191e-01
8.150000000000000000e+02 4.339931876498129282e-01 6.018783936881691998e-01
8.160000000000000000e+02 4.124679616656934389e-01 5.961233347415791917e-01
8.170000000000000000e+02 3.851824145229688079e-01 5.895912621325378744e-01
8.180000000000000000e+02 3.469182204377173617e-01 5.819448078365563326e-01
8.190000000000000000e+02 2.858222151410186873e-01 5.724811155145592689e-01
8.200000000000000000e+02 1.707797000074306459e-01 5.595883395774817748e-01
8.210000000000000000e+02 -9.146503839762765153e-02 5.390244887405577501e-01
8.220000000000000000e+02 -6.614462271575607399e-01 4.998656898444361896e-01
8.230000000000000000e+02 -1.041032211123193996e+00 4.370491028841188563e-01
8.240000000000000000e+02 -1.069727889985506053e+00 3.705204391029290889e-01
8.250000000000000000e+02 -1.048241122318665619e+00 3.087859095115020880e-01
8.260000000000000000e+02 -1.023030477239441627e+00 2.523916323631286152e-01
8.270000000000000000e+02 -9.979428973289711235e-01 2.010276196045306385e-01
8.280000000000000000e+02 -9.733081873623296021e-01 1.543368094789997758e-01
8.290000000000000000e+02 -9.491436042403814666e-01 1.119806954637835444e-01
8.300000000000000000e+02 -9.254336354393007946e-01 7.364382230971214249e-02
8.310000000000000000e+02 -9.021580374563821225e-01 3.903302488289140532e-02
8.320000000000000000e+02 -8.792949709782963419e-01 7.875945058043374442e-03
8.330000000000000000e+02 -8.568209834006783598e-01 -2.008026440799812531e-02
8.340000000000000000e+02 -8.347107088130688579e-01 -4.507018029820133304e-02
8.350000000000000000e+02 -8.129363274456474775e-01 -6.731123819893290727e-02
8.360000000000000000e+02 -7.914668284131535225e-01 -8.700475534972611225e-02
8.370000000000000000e+02 -7.702670446699405593e-01 -1.043368403962124658e-01
8.380000000000000000e+02 -7.492962982372840530e-01 -1.194792016502652099e-01
8.390000000000000000e+02 -7.285065591788387751e-01 -1.325897986317259580e-01
8.400000000000000000e+02 -7.078398826398404342e-01 -1.438133617172348000e-01
8.410000000000000000e+02 -6.872245822450241404e-01 -1.532817251390788671e-01
8.420000000000000000e+02 -6.665697538443138281e-01 -1.611139009635328689e-01
8.430000000000000000e+02 -6.457568312773224184e-01 -1.674158342063011007e-01
8.440000000000000000e+02 -6.246264148716380582e-01 -1.722796509189517267e-01
8.450000000000000000e+02 -6.029570875385611428e-01 -1.757821419633206206e-01
8.460000000000000000e+02 -5.804297337794884770e-01 -1.779820165032607038e-01
8.470000000000000000e+02 -5.565647411527673283e-01 -1.789150165582784890e-01
8.480000000000000000e+02 -5.306055107183429431e-01 -1.785851763124145231e-01
8.490000000000000000e+02 -5.012875201848481233e-01 -1.769486099433164594e-01
8.500000000000000000e+02 -4.663427030589660793e-01 -1.738817092767256101e-01
8.510000000000000000e+02 -4.213235748017629678e-01 -1.691136325075458524e-01
8.520000000000000000e+02 -3.564352604686093495e-01 -1.620668740433136301e-01
8.530000000000000000e+02 -2.465505004474723982e-01 -1.514238843636110943e-01
8.540000000000000000e+02 -1.521669164804474034e-02 -1.337401371455987087e-01
8.550000000000000000e+02 5.278850791009133125e-01 -9.926721120106338225e-02
8.560000000000000000e+02 1.032960088376126517e+00 -3.791093629447066238e-02
8.570000000000000000e+02 1.090779243094843975e+00 3.120556370271723029e-02
8.580000000000000000e+02 1.071339098989382732e+00 9.583917034330122209e-02
8.590000000000000000e+02 1.046614252345254847e+00 1.549803039893769829e-01
8.600000000000000000e+02 1.021993238631325074e+00 2.089275816545950737e-01
8.610000000000000000e+02 9.978861647832694137e-01 2.580509808712469488e-01
8.620000000000000000e+02 9.743183248541533725e-01 3.027023692960497114e-01
8.630000000000000000e+02 9.512807497203391582e-01 3.432099778858120342e-01
8.640000000000000000e+02 9.287611030417504132e-01 3.798792315228537997e-01
8.650000000000000000e+02 9.067469068364217843e-01 4.129943267374030502e-01
8.660000000000000000e+02 8.852257864476444915e-01 4.428196758669326605e-01
8.670000000000000000e+02 8.641855461743307432e-01 4.696011807808726513e-01
8.680000000000000000e+02 8.436142026071971056e-01 4.935675561602196337e-01
8.690000000000000000e+02 8.234998836069088446e-01 5.149314744537825117e-01
8.700000000000000000e+02 8.038308364870235811e-01 5.338906570619960101e-01
8.710000000000000000e+02 7.845953990672455136e-01 5.506288877435560059e-01
8.720000000000000000e+02 7.657819108542412989e-01 5.653170043811471812e-01
8.730000000000000000e+02 7.473786996075431066e-01 5.781136701751623530e-01
8.740000000000000000e+02 7.293740213325191624e-01 5.891662911386789103e-01
8.750000000000000000e+02 7.117559228908878488e-01 5.986117249005187269e-01
8.760000000000000000e+02 6.945121643811887902e-01 6.065769880169202821e-01
8.770000000000000000e+02 6.776300161985382431e-01 6.131799563170146072e-01
8.780000000000000000e+02 6.610960848996305650e-01 6.185298385457382864e-01
8.790000000000000000e+02 6.448960460567162434e-01 6.227278257983563936e-01
8.800000000000000000e+02 6.290142170838348701e-01 6.258675408058090861e-01
8.810000000000000000e+02 6.134330257761828609e-01 6.280354752032859533e-01
8.820000000000000000e+02 5.981322318996893372e-01 6.293113632003886071e-01
8.830000000000000000e+02 5.830877894028132502e-01 6.297684848071392061e-01
8.840000000000000000e+02 5.682702203463373403e-01 6.294738772842833896e-01
8.850000000000000000e+02 5.536421155912604197e-01 6.284884421411189859e-01
8.860000000000000000e+02 5.391543753259995242e-01 6.268668915145488851e-01
8.870000000000000000e+02 5.247402456434566709e-01 6.246574646205342862e-01
8.880000000000000000e+02 5.103059162917031877e-01 6.219013034461807754e-01
8.890000000000000000e+02 4.957150030762951243e-01 6.186312778770641785e-01
8.900000000000000000e+02 4.807622939475907353e-01 6.148699040251798253e-01
8.910000000000000000e+02 4.651278383770475755e-01 6.106257084254410605e-01
8.920000000000000000e+02 4.482929155238423169e-01 6.058867849592185495e-01
8.930000000000000000e+02 4.293786825641231486e-01 6.006090794565063229e-01
8.940000000000000000e+02 4.068154761196008939e-01 5.946940871821816410e-01
8.950000000000000000e+02 3.776075967127086597e-01 5.879436782684420715e-01
8.960000000000000000e+02 3.355179532104769491e-01 5.799605365420068548e-01
8.970000000000000000e+02 2.659440689914871481e-01 5.699023046211767474e-01
8.980000000000000000e+02 1.291178928313870544e-01 5.557795686542567060e-01
8.990000000000000000e+02 -1.937725211559914451e-01 5.322082968304654438e-01
9.000000000000000000e+02 -7.997529334547320845e-01 4.869069809068926613e-01
9.010000000000000000e+02 -1.060976932056943545e+00 4.214400381258912587e-01
9.020000000000000000e+02 -1.065853158883388607e+00 3.557978273083542420e-01
9.030000000000000000e+02 -1.042477203758580773e+00 2.953100895702295836e-01
9.040000000000000000e+02 -1.017207669679773829e+00 2.401081632281185096e-01
9.050000000000000000e+02 -9.922173913579592774e-01 1.898535289708976337e-01
9.060000000000000000e+02 -9.676918497653534956e-01 1.441919743756816252e-01
9.070000000000000000e+02 -9.436338134905364328e-01 1.027903076558598222e-01
9.080000000000000000e+02 -9.200259353781145011e-01 6.533831618629501459e-02
9.090000000000000000e+02 -8.968474897547493718e-01 3.154776618867721066e-02
9.100000000000000000e+02 -8.740763344497395337e-01 1.150915699421574227e-03
9.110000000000000000e+02 -8.516885922415636800e-01 -2.610076234927699926e-02
9.120000000000000000e+02 -8.296583836211277596e-01 -5.043779341198419836e-02
9.130000000000000000e+02 -8.079572282552435203e-01 -7.207380760933995711e-02
9.140000000000000000e+02 -7.865532503145089560e-01 -9.120653894132689510e-02
9.150000000000000000e+02 -7.654101489222313592e-01 -1.080187029584820102e-01
9.160000000000000000e+02 -7.444857369261045354e-01 -1.226787847175200147e-01
9.170000000000000000e+02 -7.237299626830889787e-01 -1.353416514901906731e-01
9.180000000000000000e+02 -7.030820943773805620e-01 -1.461490374041477525e-01
9.190000000000000000e+02 -6.824665897765257450e-01 -1.552298212773185748e-01
9.200000000000000000e+02 -6.617870332899059571e-01 -1.627000375040514590e-01
9.210000000000000000e+02 -6.409168224139212278e-01 -1.686625303766166595e-01
9.220000000000000000e+02 -6.196845575018495866e-01 -1.732060583204824977e-01
9.230000000000000000e+02 -5.978501505512240355e-01 -1.764035460232694641e-01
9.240000000000000000e+02 -5.750644198549725861e-01 -1.783089411870479035e-01
9.250000000000000000e+02 -5.507969875341239829e-01 -1.789516384388544212e-01
9.260000000000000000e+02 -5.242007468719909191e-01 -1.783264416941898467e-01
9.270000000000000000e+02 -4.938385818033243502e-01 -1.763747349276277854e-01
9.280000000000000000e+02 -4.570842487211727034e-01 -1.729469434598285282e-01
9.290000000000000000e+02 -4.086626423506943828e-01 -1.677210877731473426e-01
9.300000000000000000e+02 -3.365818831035176095e-01 -1.600047348326865404e-01
9.310000000000000000e+02 -2.088125138389251567e-01 -1.481761807457880054e-01
9.320000000000000000e+02 7.449007610572210003e-02 -1.278424998511270283e-01
9.330000000000000000e+02 6.899529919325425587e-01 -8.726676541103298157e-02
9.340000000000000000e+02 1.067045803253969805e+00 -2.183410330661803012e-02
9.350000000000000000e+02 1.087868391016625802e+00 4.660543875690680710e-02
9.360000000000000000e+02 1.065707286241696528e+00 1.099638970679417682e-01
9.370000000000000000e+02 1.040894613015429737e+00 1.678740230421344737e-01
9.380000000000000000e+02 1.016383561589022655e+00 2.206759325033622321e-01
9.390000000000000000e+02 9.924010752519238920e-01 2.687372130828105665e-01
9.400000000000000000e+02 9.689566166451211160e-01 3.124043011878563925e-01
9.410000000000000000e+02 9.460396352424033095e-01 3.520000359277685731e-01
9.420000000000000000e+02 9.236377213017697985e-01 3.878248115543288521e-01
9.430000000000000000e+02 9.017383894423396384e-01 4.201581514382125015e-01
9.440000000000000000e+02 8.803292487848646264e-01 4.492600718805578319e-01
9.450000000000000000e+02 8.593982730078030263e-01 4.753723913621000774e-01
9.460000000000000000e+02 8.389334266387054040e-01 4.987200182296415152e-01
9.470000000000000000e+02 8.189228808544721794e-01 5.195121151197193976e-01
9.480000000000000000e+02 7.993548955400202605e-01 5.379430773074548311e-01
9.490000000000000000e+02 7.802178293220484173e-01 5.541936246820308165e-01
9.500000000000000000e+02 7.615000326757401794e-01 5.684316913317106756e-01
9.510000000000000000e+02 7.431898226861551882e-01 5.808132949269539935e-01
9.520000000000000000e+02 7.252754038506943335e-01 5.914833385644180375e-01
9.530000000000000000e+02 7.077447687339910587e-01 6.005763551468955574e-01
9.540000000000000000e+02 6.905855728258087911e-01 6.082171950086464607e-01
9.550000000000000000e+02 6.737849690719268647e-01 6.145216592256413923e-01
9.560000000000000000e+02 6.573293827671917722e-01 6.195970835062913906e-01
9.570000000000000000e+02 6.412042067747812935e-01 6.235428674920131531e-01
9.580000000000000000e+02 6.253933797113501170e-01 6.264509519780061542e-01
9.590000000000000000e+02 6.098787925276717425e-01 6.284062393211856667e-01
9.600000000000000000e+02 5.946394448027114699e-01 6.294869504381120917e-01
9.610000000000000000e+02 5.796502110896738502e-01 6.297649094658299695e-01
9.620000000000000000e+02 5.648800492230550141e-01 6.293057338420583458e-01
9.630000000000000000e+02 5.502892387468328872e-01 6.281689115173463289e-01
9.640000000000000000e+02 5.358252157652487746e-01 6.264076943224985428e-01
9.650000000000000000e+02 5.214160082114281947e-01 6.240687560536625211e-01
9.660000000000000000e+02 5.069596640747068284e-01 6.211914609938798959e-01
9.670000000000000000e+02 4.923067506746607314e-01 6.178065158987046113e-01
9.680000000000000000e+02 4.772307003530850134e-01 6.139336115908765601e-01
9.690000000000000000e+02 4.613750764961884743e-01 6.095772684211708814e-01
9.700000000000000000e+02 4.441565237867450833e-01 6.047194750118828344e-01
9.710000000000000000e+02 4.245754875214327040e-01 5.993061533707442212e-01
9.720000000000000000e+02 4.008217167050785457e-01 5.932210744007918590e-01
9.730000000000000000e+02 3.693779331878274119e-01 5.862321086169182127e-01
9.740000000000000000e+02 3.227431683903051463e-01 5.778699570772876104e-01
9.750000000000000000e+02 2.427801013870972413e-01 5.671192623028944446e-01
9.760000000000000000e+02 7.829075038150820620e-02 5.515049170671184608e-01
9.770000000000000000e+02 -3.171244062196760805e-01 5.242109696357523108e-01
9.780000000000000000e+02 -9.092267583568537370e-01 4.727293778887947107e-01
9.790000000000000000e+02 -1.069769089628512360e+00 4.059238385097483914e-01
9.800000000000000000e+02 -1.061049904923748510e+00 3.413626967103413623e-01
9.810000000000000000e+02 -1.036659280955888329e+00 2.821177735487324090e-01
9.820000000000000000e+02 -1.011404284415157839e+00 2.280891935359549427e-01
9.830000000000000000e+02 -9.865175921312883123e-01 1.789249040264554724e-01
9.840000000000000000e+02 -9.621010030117407297e-01 1.342747718217846553e-01
9.850000000000000000e+02 -9.381485482592656355e-01 9.381095274502916637e-02
9.860000000000000000e+02 -9.146416077404103673e-01 5.722841909278244404e-02
9.870000000000000000e+02 -8.915591729954917000e-01 2.424379328994956395e-02
9.880000000000000000e+02 -8.688786455793781061e-01 -5.406125326616615170e-03
9.890000000000000000e+02 -8.465757589880507084e-01 -3.196560627941808647e-02
9.900000000000000000e+02 -8.246240955885301149e-01 -5.566118352188356017e-02
9.910000000000000000e+02 -8.029944641103959890e-01 -7.670273675478539444e-02
9.920000000000000000e+02 -7.816540798990426753e-01 -9.528445415893643800e-02
9.930000000000000000e+02 -7.605654233537357811e-01 -1.115857151374479023e-01
9.940000000000000000e+02 -7.396846900931379754e-01 -1.257718063474657921e-01
9.950000000000000000e+02 -7.189596581605766090e-01 -1.379945304109871651e-01
9.960000000000000000e+02 -6.983266013369774372e-01 -1.483926411180915839e-01
9.970000000000000000e+02 -6.777057959291212796e-01 -1.570920620981994809e-01
9.980000000000000000e+02 -6.569948450800875417e-01 -1.642058336752268977e-01
9.990000000000000000e+02 -6.360583771154009192e-01 -1.698336567600438052e-01
