0.000000000000000000e+00 0.000000000000000000e+00 0.000000000000000000e+00
1.000000000000000000e+00 4.060209489439661201e-01 5.795259363461089872e-03
2.000000000000000000e+00 9.420822074942449831e-01 2.847284126900291243e-02
3.000000000000000000e+00 1.073036953569760144e+00 6.069982742502714329e-02
4.000000000000000000e+00 1.073610295442986029e+00 9.238666634857149729e-02
5.000000000000000000e+00 1.062350389755670532e+00 1.218910456375187357e-01
6.000000000000000000e+00 1.050593140050359420e+00 1.492155218529187255e-01
7.000000000000000000e+00 1.039266248595012820e+00 1.744975306757891864e-01
8.000000000000000000e+00 1.028442294964391879e+00 1.978771861503848262e-01
9.000000000000000000e+00 1.018118980124984807e+00 2.194867799343946935e-01
1.000000000000000000e+01 1.008286568715120790e+00 2.394503182020829013e-01
1.100000000000000000e+01 9.989341627416321590e-01 2.578839069558011565e-01
1.200000000000000000e+01 9.900503489432598281e-01 2.748962250739814817e-01
1.300000000000000000e+01 9.816232330737186818e-01 2.905889549488632206e-01
1.400000000000000000e+01 9.736404784707245463e-01 3.050571932303539624e-01
1.500000000000000000e+01 9.660893073202159176e-01 3.183898486072825884e-01
1.600000000000000000e+01 9.589565227105184553e-01 3.306699907960438667e-01
1.700000000000000000e+01 9.522285757245093629e-01 3.419751871393553189e-01
1.800000000000000000e+01 9.458915828196706732e-01 3.523778378976219483e-01
1.900000000000000000e+01 9.399313467300980385e-01 3.619454797328175433e-01
2.000000000000000000e+01 9.343334522548000232e-01 3.707410670478881176e-01
2.100000000000000000e+01 9.290832909587277699e-01 3.788232438157970727e-01
2.200000000000000000e+01 9.241661380086504396e-01 3.862466059371158500e-01
2.300000000000000000e+01 9.195671928932749317e-01 3.930619437859717014e-01
2.400000000000000000e+01 9.152716743164990287e-01 3.993164690276075346e-01
2.500000000000000000e+01 9.112648626671098206e-01 4.050540356816965115e-01
2.600000000000000000e+01 9.075321688272284248e-01 4.103153469949371579e-01
2.700000000000000000e+01 9.040592044523682036e-01 4.151381507967753515e-01
2.800000000000000000e+01 9.008318004762242426e-01 4.195574355908832653e-01
2.900000000000000000e+01 8.978361125225214900e-01 4.236055966369487447e-01
3.000000000000000000e+01 8.950586412429432093e-01 4.273126086650622657e-01
3.100000000000000000e+01 8.924862795157908479e-01 4.307061855627729030e-01
3.200000000000000000e+01 8.901063491788310245e-01 4.338119287048287642e-01
3.300000000000000000e+01 8.879066401025585975e-01 4.366534730335587255e-01
3.400000000000000000e+01 8.858754030719476757e-01 4.392526234006066677e-01
3.500000000000000000e+01 8.840014118610916016e-01 4.416294837844690901e-01
3.600000000000000000e+01 8.822739549411622306e-01 4.438025712499367725e-01
3.700000000000000000e+01 8.806828320093574858e-01 4.457889435623493823e-01
3.800000000000000000e+01 8.792183809197405830e-01 4.476042620384161896e-01
3.900000000000000000e+01 8.778715189713020006e-01 4.492629509880519678e-01
4.000000000000000000e+01 8.766335774240417988e-01 4.507782616315755830e-01
4.100000000000000000e+01 8.754964707010647329e-01 4.521623621767481560e-01
4.200000000000000000e+01 8.744525885210323590e-01 4.534264262388202349e-01
4.300000000000000000e+01 8.734948118880626611e-01 4.545807052126842884e-01
4.400000000000000000e+01 8.726164798586667493e-01 4.556346068474900757e-01
4.500000000000000000e+01 8.718113380848020455e-01 4.565967261670664246e-01
4.600000000000000000e+01 8.710736501927602848e-01 4.574749653100572688e-01
4.700000000000000000e+01 8.703980354617938398e-01 4.582765557857416128e-01
4.800000000000000000e+01 8.697794949618541382e-01 4.590081200388696492e-01
4.900000000000000000e+01 8.692134021254309673e-01 4.596757167469665561e-01
5.000000000000000000e+01 8.686954769421224576e-01 4.602848919476233425e-01
5.100000000000000000e+01 8.682217484951568753e-01 4.608407248012840740e-01
5.200000000000000000e+01 8.677885689513524792e-01 4.613478357943857633e-01
5.300000000000000000e+01 8.673925708422255410e-01 4.618104744771669434e-01
5.400000000000000000e+01 8.670306434262176065e-01 4.622325165810186598e-01
5.500000000000000000e+01 8.666999258682069884e-01 4.626175028593033089e-01
5.600000000000000000e+01 8.663977835306736486e-01 4.629686718519189781e-01
5.700000000000000000e+01 8.661217960809626248e-01 4.632889814839382669e-01
5.800000000000000000e+01 8.658697433413754529e-01 4.635811339064409009e-01
5.900000000000000000e+01 8.656395770807955303e-01 4.638475960950506072e-01
6.000000000000000000e+01 8.654294206142775225e-01 4.640906078380914179e-01
6.100000000000000000e+01 8.652375633888682582e-01 4.643122311485928799e-01
6.200000000000000000e+01 8.650624544490693735e-01 4.645143428709307964e-01
6.300000000000000000e+01 8.649026278453562089e-01 4.646986564929558861e-01
6.400000000000000000e+01 8.647567659676398399e-01 4.648667355262652845e-01
6.500000000000000000e+01 8.646236607773242211e-01 4.650200065401804417e-01
6.600000000000000000e+01 8.645022068566531326e-01 4.651597714906285930e-01
6.700000000000000000e+01 8.643913923277217748e-01 4.652872186280403999e-01
6.800000000000000000e+01 8.642902912812430172e-01 4.654034334456988442e-01
6.900000000000000000e+01 8.641980583363794155e-01 4.655094029934959132e-01
7.000000000000000000e+01 8.641139204581873567e-01 4.656060265778794172e-01
7.100000000000000000e+01 8.640371668952296913e-01 4.656941287837460530e-01
7.200000000000000000e+01 8.639671446271031119e-01 4.657744699549943856e-01
7.300000000000000000e+01 8.639032948936796741e-01 4.658477072698248289e-01
7.400000000000000000e+01 8.638450667090046275e-01 4.659144906838803557e-01
7.500000000000000000e+01 8.637919597179449793e-01 4.659753837525364428e-01
7.600000000000000000e+01 8.637435199685750131e-01 4.660309053549325786e-01
7.700000000000000000e+01 8.636993486675088594e-01 4.660815212954174669e-01
7.800000000000000000e+01 8.636590733283124877e-01 4.661276628429212310e-01
7.900000000000000000e+01 8.636223398845572774e-01 4.661697401332843826e-01
8.000000000000000000e+01 8.635888425529225643e-01 4.662081054743448250e-01
8.100000000000000000e+01 8.635582959714133144e-01 4.662430843914348033e-01
8.200000000000000000e+01 8.635304368073352110e-01 4.662749768226084335e-01
8.300000000000000000e+01 8.635050233038268352e-01 4.663040581904327464e-01
8.400000000000000000e+01 8.634818399292455426e-01 4.663305738980033643e-01
8.500000000000000000e+01 8.634607336045539983e-01 4.663547447832852022e-01
8.600000000000000000e+01 8.634414757140834729e-01 4.663767824461856892e-01
8.700000000000000000e+01 8.634239229051331455e-01 4.663968744024944435e-01
8.800000000000000000e+01 8.634079110369456966e-01 4.664151928981120632e-01
8.900000000000000000e+01 8.633933124182324725e-01 4.664318941749830416e-01
9.000000000000000000e+01 8.633800027933467014e-01 4.664471196734762404e-01
9.100000000000000000e+01 8.633678737162840955e-01 4.664609935657961781e-01
9.200000000000000000e+01 8.633568085729168562e-01 4.664736490672438118e-01
9.300000000000000000e+01 8.633467194055953753e-01 4.664851867846230848e-01
9.400000000000000000e+01 8.633375187038596632e-01 4.664957069986199190e-01
9.500000000000000000e+01 8.633291295208821436e-01 4.665052981875382754e-01
9.600000000000000000e+01 8.633214809739871987e-01 4.665140422111155316e-01
9.700000000000000000e+01 8.633145076359978187e-01 4.665220149879645284e-01
9.800000000000000000e+01 8.633081527969554969e-01 4.665292841027026127e-01
9.900000000000000000e+01 8.633023637498594693e-01 4.665359111721108509e-01
1.000000000000000000e+02 8.632970885622734958e-01 4.665419531287080535e-01
1.010000000000000000e+02 8.632922768687233406e-01 4.665474610606236694e-01
1.020000000000000000e+02 8.632878873360506633e-01 4.665524801118900444e-01
1.030000000000000000e+02 8.632838794461987764e-01 4.665570562451211156e-01
1.040000000000000000e+02 8.632802275075582843e-01 4.665612273882404626e-01
1.050000000000000000e+02 8.632768989291463857e-01 4.665650299865850559e-01
1.060000000000000000e+02 8.632738653985146948e-01 4.665684972055569868e-01
1.070000000000000000e+02 8.632711003351785095e-01 4.665716586058819004e-01
1.080000000000000000e+02 8.632685788234935043e-01 4.665745420476878902e-01
1.090000000000000000e+02 8.632662800556515359e-01 4.665771710813839679e-01
1.100000000000000000e+02 8.632641820674290534e-01 4.665795697407131293e-01
1.110000000000000000e+02 8.632622673623562282e-01 4.665817599964453000e-01
1.120000000000000000e+02 8.632605214150586015e-01 4.665837569898861892e-01
1.130000000000000000e+02 8.632589284477213409e-01 4.665855786739703248e-01
1.140000000000000000e+02 8.632574752326181988e-01 4.665872398001755794e-01
1.150000000000000000e+02 8.632561508664534644e-01 4.665887527140875624e-01
1.160000000000000000e+02 8.632549435354041067e-01 4.665901322179206168e-01
1.170000000000000000e+02 8.632538444877355666e-01 4.665913884099889275e-01
1.180000000000000000e+02 8.632528422765882725e-01 4.665925334360464527e-01
1.190000000000000000e+02 8.632519288306259586e-01 4.665935767389580158e-01
1.200000000000000000e+02 8.632510963870109189e-01 4.665945277529429669e-01
1.210000000000000000e+02 8.632503378359704937e-01 4.665953947215534248e-01
1.220000000000000000e+02 8.632496468602415263e-01 4.665961849530157468e-01
1.230000000000000000e+02 8.632490165495103618e-01 4.665969058199728736e-01
1.240000000000000000e+02 8.632484417925182507e-01 4.665975631461883877e-01
1.250000000000000000e+02 8.632479179153929039e-01 4.665981621031823900e-01
1.260000000000000000e+02 8.632474397965738122e-01 4.665987088416562178e-01
1.270000000000000000e+02 8.632470038513424537e-01 4.665992072393935208e-01
1.280000000000000000e+02 8.632466066646917735e-01 4.665996611501146418e-01
1.290000000000000000e+02 8.632462441184972635e-01 4.666000754898526615e-01
1.300000000000000000e+02 8.632459137491141909e-01 4.666004530515929782e-01
1.310000000000000000e+02 8.632456129609210604e-01 4.666007968537384532e-01
1.320000000000000000e+02 8.632453384564685583e-01 4.666011105814465987e-01
1.330000000000000000e+02 8.632450883940804287e-01 4.666013964209139719e-01
1.340000000000000000e+02 8.632448605835066902e-01 4.666016568748796445e-01
1.350000000000000000e+02 8.632446524057201254e-01 4.666018948499444097e-01
1.360000000000000000e+02 8.632444626108358721e-01 4.666021118243461885e-01
1.370000000000000000e+02 8.632442897779851743e-01 4.666023094174724939e-01
1.380000000000000000e+02 8.632441323612376483e-01 4.666024893921529859e-01
1.390000000000000000e+02 8.632439883371526568e-01 4.666026540603307460e-01
1.400000000000000000e+02 8.632438570657934296e-01 4.666028041410225091e-01
1.410000000000000000e+02 8.632437376373319760e-01 4.666029406633874221e-01
1.420000000000000000e+02 8.632436289318162759e-01 4.666030649124572327e-01
1.430000000000000000e+02 8.632435294356316513e-01 4.666031786471249165e-01
1.440000000000000000e+02 8.632434388139994530e-01 4.666032822324915341e-01
1.450000000000000000e+02 8.632433564513353197e-01 4.666033763734793727e-01
1.460000000000000000e+02 8.632432815236398271e-01 4.666034620136912947e-01
1.470000000000000000e+02 8.632432129742396709e-01 4.666035403631301204e-01
1.480000000000000000e+02 8.632431505707857111e-01 4.666036116904016540e-01
1.490000000000000000e+02 8.632430938699139356e-01 4.666036765057627322e-01
1.500000000000000000e+02 8.632430422781847135e-01 4.666037354847742402e-01
1.510000000000000000e+02 8.632429951112488009e-01 4.666037894023841170e-01
1.520000000000000000e+02 8.632429521693359975e-01 4.666038384917791659e-01
1.530000000000000000e+02 8.632429131340262352e-01 4.666038831164390777e-01
1.540000000000000000e+02 8.632428774753772016e-01 4.666039238822459745e-01
1.550000000000000000e+02 8.632428447125605198e-01 4.666039613387457652e-01
1.560000000000000000e+02 8.632428148011570546e-01 4.666039955352342394e-01
1.570000000000000000e+02 8.632427875452229893e-01 4.666040266946407389e-01
1.580000000000000000e+02 8.632427627961705152e-01 4.666040549855738351e-01
1.590000000000000000e+02 8.632427404527667214e-01 4.666040805223218291e-01
1.600000000000000000e+02 8.632427197220782222e-01 4.666041042193198596e-01
1.610000000000000000e+02 8.632427006892544608e-01 4.666041259762283011e-01
1.620000000000000000e+02 8.632426833460982163e-01 4.666041458010612430e-01
1.630000000000000000e+02 8.632426676193692971e-01 4.666041637774626660e-01
1.640000000000000000e+02 8.632426534682602348e-01 4.666041799520090905e-01
1.650000000000000000e+02 8.632426407476383456e-01 4.666041944907965977e-01
1.660000000000000000e+02 8.632426287889234384e-01 4.666042081593316238e-01
1.670000000000000000e+02 8.632426179068852790e-01 4.666042205972610324e-01
1.680000000000000000e+02 8.632426080459623119e-01 4.666042318683252810e-01
1.690000000000000000e+02 8.632425991688204014e-01 4.666042420154626336e-01
1.700000000000000000e+02 8.632425912563526094e-01 4.666042510608091054e-01
1.710000000000000000e+02 8.632425840446710241e-01 4.666042593050805931e-01
1.720000000000000000e+02 8.632425773575771455e-01 4.666042669491221040e-01
1.730000000000000000e+02 8.632425712996824041e-01 4.666042738740780460e-01
1.740000000000000000e+02 8.632425658314231143e-01 4.666042801251533145e-01
1.750000000000000000e+02 8.632425609225907737e-01 4.666042857368492558e-01
1.760000000000000000e+02 8.632425565523328403e-01 4.666042907329635003e-01
1.770000000000000000e+02 8.632425524985442022e-01 4.666042953673432137e-01
1.780000000000000000e+02 8.632425488076637121e-01 4.666042995868446286e-01
1.790000000000000000e+02 8.632425454642314033e-01 4.666043034090735508e-01
1.800000000000000000e+02 8.632425424423266769e-01 4.666043068635848390e-01
1.810000000000000000e+02 8.632425397214780194e-01 4.666043099736951749e-01
1.820000000000000000e+02 8.632425372420028387e-01 4.666043128078196656e-01
1.830000000000000000e+02 8.632425348653615105e-01 4.666043155250446106e-01
1.840000000000000000e+02 8.632425326774170182e-01 4.666043180265329049e-01
1.850000000000000000e+02 8.632425306654855079e-01 4.666043203267519202e-01
1.860000000000000000e+02 8.632425288214042869e-01 4.666043224349975538e-01
1.870000000000000000e+02 8.632425271415316015e-01 4.666043243553943953e-01
1.880000000000000000e+02 8.632425256267470814e-01 4.666043260868957265e-01
1.890000000000000000e+02 8.632425242824509626e-01 4.666043276232835213e-01
1.900000000000000000e+02 8.632425231185650860e-01 4.666043289531683347e-01
1.910000000000000000e+02 8.632425220319256409e-01 4.666043301947505051e-01
1.920000000000000000e+02 8.632425208661137495e-01 4.666043315272625502e-01
1.930000000000000000e+02 8.632425197834935338e-01 4.666043327646643979e-01
1.940000000000000000e+02 8.632425187865273575e-01 4.666043339041507920e-01
1.950000000000000000e+02 8.632425178805186450e-01 4.666043349396699624e-01
1.960000000000000000e+02 8.632425170736123254e-01 4.666043358619239578e-01
1.970000000000000000e+02 8.632425163767940557e-01 4.666043366583684793e-01
1.980000000000000000e+02 8.632425158038907753e-01 4.666043373132127137e-01
1.990000000000000000e+02 8.632425153715705957e-01 4.666043378074197778e-01
2.000000000000000000e+02 8.632425149422743305e-01 4.666043382981457377e-01
2.010000000000000000e+02 8.632425144230696512e-01 4.666043388915629975e-01
2.020000000000000000e+02 8.632425139535290226e-01 4.666043394282235468e-01
2.030000000000000000e+02 8.632425135357706392e-01 4.666043399057102081e-01
2.040000000000000000e+02 8.632425131730617762e-01 4.666043403202927986e-01
2.050000000000000000e+02 8.632425128698187899e-01 4.666043406669278526e-01
2.060000000000000000e+02 8.632425126316066732e-01 4.666043409392586216e-01
2.070000000000000000e+02 8.632425124651399440e-01 4.666043411296153520e-01
2.080000000000000000e+02 8.632425123782818677e-01 4.666043412290147852e-01
2.090000000000000000e+02 8.632425122758594638e-01 4.666043413461806733e-01
2.100000000000000000e+02 8.632425121411135827e-01 4.666043415002569805e-01
2.110000000000000000e+02 8.632425120315800893e-01 4.666043416255133969e-01
2.120000000000000000e+02 8.632425119459355978e-01 4.666043417234595481e-01
2.130000000000000000e+02 8.632425118831117405e-01 4.666043417953123496e-01
2.140000000000000000e+02 8.632425118422959454e-01 4.666043418419965616e-01
2.150000000000000000e+02 8.632425118229309913e-01 4.666043418641443452e-01
2.160000000000000000e+02 8.632425118247152307e-01 4.666043418620955396e-01
2.170000000000000000e+02 8.632425118476020343e-01 4.666043418358975514e-01
2.180000000000000000e+02 8.632425118520001828e-01 4.666043418308586377e-01
2.190000000000000000e+02 8.632425118761651861e-01 4.666043418032487233e-01
2.200000000000000000e+02 8.632425119037974159e-01 4.666043417716711494e-01
2.210000000000000000e+02 8.632425119336821773e-01 4.666043417375140834e-01
2.220000000000000000e+02 8.632425119646048861e-01 4.666043417021657480e-01
2.230000000000000000e+02 8.632425119953508474e-01 4.666043416670143107e-01
2.240000000000000000e+02 8.632425120247053663e-01 4.666043416334478833e-01
2.250000000000000000e+02 8.632425120514538586e-01 4.666043416028547441e-01
2.260000000000000000e+02 8.632425120743816294e-01 4.666043415766230607e-01
2.270000000000000000e+02 8.632425121506790422e-01 4.666043414894151531e-01
2.280000000000000000e+02 8.632425122425197994e-01 4.666043413844468413e-01
2.290000000000000000e+02 8.632425123361041619e-01 4.666043412774844024e-01
2.300000000000000000e+02 8.632425124305734832e-01 4.666043411695091625e-01
2.310000000000000000e+02 8.632425125250693387e-01 4.666043410615026699e-01
2.320000000000000000e+02 8.632425126187329711e-01 4.666043409544461951e-01
2.330000000000000000e+02 8.632425127107057339e-01 4.666043408493212308e-01
2.340000000000000000e+02 8.632425128001290915e-01 4.666043407471091586e-01
2.350000000000000000e+02 8.632425128861445085e-01 4.666043406487914713e-01
2.360000000000000000e+02 8.632425129678932274e-01 4.666043405553494949e-01
2.370000000000000000e+02 8.632425130445167127e-01 4.666043404677646667e-01
2.380000000000000000e+02 8.632425131151563180e-01 4.666043403870184236e-01
2.390000000000000000e+02 8.632425131789535078e-01 4.666043403140921475e-01
2.400000000000000000e+02 8.632425132350497465e-01 4.666043402499673309e-01
2.410000000000000000e+02 8.632425132825861658e-01 4.666043401956253001e-01
2.420000000000000000e+02 8.632425133207044521e-01 4.666043401520475475e-01
2.430000000000000000e+02 8.632425133485457369e-01 4.666043401202153995e-01
2.440000000000000000e+02 8.632425133652515958e-01 4.666043401011103486e-01
2.450000000000000000e+02 8.632425133699633824e-01 4.666043400957137766e-01
2.460000000000000000e+02 8.632425133618224500e-01 4.666043401050070649e-01
2.470000000000000000e+02 8.632425133399702633e-01 4.666043401299717064e-01
2.480000000000000000e+02 8.632425133035480647e-01 4.666043401715890826e-01
2.490000000000000000e+02 8.632425132516974298e-01 4.666043402308406307e-01
2.500000000000000000e+02 8.632425131835597121e-01 4.666043403087076769e-01
2.510000000000000000e+02 8.632425131954417630e-01 4.666043402951163821e-01
2.520000000000000000e+02 8.632425132346343011e-01 4.666043402503109450e-01
2.530000000000000000e+02 8.632425132713883453e-01 4.666043402082930558e-01
2.540000000000000000e+02 8.632425133054817401e-01 4.666043401693166226e-01
2.550000000000000000e+02 8.632425133366921077e-01 4.666043401336358309e-01
2.560000000000000000e+02 8.632425133647974036e-01 4.666043401015046443e-01
2.570000000000000000e+02 8.632425133895753611e-01 4.666043400731772484e-01
2.580000000000000000e+02 8.632425134108036024e-01 4.666043400489076065e-01
2.590000000000000000e+02 8.632425134282600832e-01 4.666043400289498488e-01
2.600000000000000000e+02 8.632425134417225365e-01 4.666043400135580499e-01
2.610000000000000000e+02 8.632425134509686959e-01 4.666043400029861732e-01
2.620000000000000000e+02 8.632425134557762947e-01 4.666043399974884043e-01
2.630000000000000000e+02 8.632425134559231772e-01 4.666043399973187622e-01
2.640000000000000000e+02 8.632425134511870768e-01 4.666043400027313215e-01
2.650000000000000000e+02 8.632425134413457268e-01 4.666043400139801012e-01
2.660000000000000000e+02 8.632425134261769717e-01 4.666043400313192313e-01
2.670000000000000000e+02 8.632425134054585447e-01 4.666043400550027864e-01
2.680000000000000000e+02 8.632425133789682903e-01 4.666043400852847856e-01
2.690000000000000000e+02 8.632425133464839417e-01 4.666043401224193032e-01
2.700000000000000000e+02 8.632425133077832324e-01 4.666043401666604140e-01
2.710000000000000000e+02 8.632425132626438957e-01 4.666043402182621924e-01
2.720000000000000000e+02 8.632425132108437760e-01 4.666043402774786575e-01
2.730000000000000000e+02 8.632425131521607176e-01 4.666043403445639948e-01
2.740000000000000000e+02 8.632425130863723428e-01 4.666043404197721678e-01
2.750000000000000000e+02 8.632425130522171086e-01 4.666043404588163246e-01
2.760000000000000000e+02 8.632425130328676977e-01 4.666043404809340767e-01
2.770000000000000000e+02 8.632425130128429380e-01 4.666043405038239889e-01
2.780000000000000000e+02 8.632425129921958984e-01 4.666043405274251654e-01
2.790000000000000000e+02 8.632425129709802025e-01 4.666043405516765441e-01
2.800000000000000000e+02 8.632425129492489191e-01 4.666043405765173957e-01
2.810000000000000000e+02 8.632425129270553388e-01 4.666043406018866024e-01
2.820000000000000000e+02 8.632425129044529744e-01 4.666043406277233241e-01
2.830000000000000000e+02 8.632425128814948945e-01 4.666043406539666649e-01
2.840000000000000000e+02 8.632425128582345009e-01 4.666043406805556737e-01
2.850000000000000000e+02 8.632425128347251952e-01 4.666043407074293992e-01
2.860000000000000000e+02 8.632425128110200463e-01 4.666043407345268901e-01
2.870000000000000000e+02 8.632425127871725667e-01 4.666043407617872507e-01
2.880000000000000000e+02 8.632425127632360473e-01 4.666043407891495853e-01
2.890000000000000000e+02 8.632425127392636677e-01 4.666043408165529427e-01
2.900000000000000000e+02 8.632425127153087185e-01 4.666043408439363716e-01
2.910000000000000000e+02 8.632425126914247127e-01 4.666043408712389207e-01
2.920000000000000000e+02 8.632425126676647187e-01 4.666043408983997498e-01
2.930000000000000000e+02 8.632425126440822494e-01 4.666043409253578522e-01
2.940000000000000000e+02 8.632425126207303734e-01 4.666043409520523877e-01
2.950000000000000000e+02 8.632425125976626035e-01 4.666043409784222940e-01
2.960000000000000000e+02 8.632425125749321193e-01 4.666043410044067863e-01
2.970000000000000000e+02 8.632425125525923226e-01 4.666043410299448024e-01
2.980000000000000000e+02 8.632425125306963931e-01 4.666043410549755577e-01
2.990000000000000000e+02 8.632425125090038565e-01 4.666043410797731661e-01
3.000000000000000000e+02 8.632425124876564881e-01 4.666043411041759792e-01
3.010000000000000000e+02 8.632425124668547944e-01 4.666043411279547914e-01
3.020000000000000000e+02 8.632425124466500677e-01 4.666043411510513717e-01
3.030000000000000000e+02 8.632425124270932670e-01 4.666043411734072666e-01
3.040000000000000000e+02 8.632425124082353518e-01 4.666043411949641895e-01
3.050000000000000000e+02 8.632425123901275033e-01 4.666043412156636871e-01
3.060000000000000000e+02 8.632425123728206806e-01 4.666043412354475284e-01
3.070000000000000000e+02 8.632425123563659541e-01 4.666043412542573154e-01
3.080000000000000000e+02 8.632425123408143941e-01 4.666043412720347061e-01
3.090000000000000000e+02 8.632425123262169597e-01 4.666043412887213027e-01
3.100000000000000000e+02 8.632425123126248323e-01 4.666043413042587629e-01
3.110000000000000000e+02 8.632425123000889711e-01 4.666043413185888000e-01
3.120000000000000000e+02 8.632425122886603353e-01 4.666043413316529609e-01
3.130000000000000000e+02 8.632425122783902172e-01 4.666043413433929588e-01
3.140000000000000000e+02 8.632425122693294650e-01 4.666043413537504514e-01
3.150000000000000000e+02 8.632425122615291491e-01 4.666043413626670411e-01
3.160000000000000000e+02 8.632425122550403396e-01 4.666043413700843856e-01
3.170000000000000000e+02 8.632425122499141068e-01 4.666043413759441427e-01
3.180000000000000000e+02 8.632425122462014100e-01 4.666043413801879702e-01
3.190000000000000000e+02 8.632425122439534304e-01 4.666043413827574704e-01
3.200000000000000000e+02 8.632425122432211273e-01 4.666043413835943565e-01
3.210000000000000000e+02 8.632425122440555709e-01 4.666043413826401753e-01
3.220000000000000000e+02 8.632425122465078315e-01 4.666043413798366957e-01
3.230000000000000000e+02 8.632425121895725972e-01 4.666043414449217996e-01
3.240000000000000000e+02 8.632425120910615091e-01 4.666043415575342190e-01
3.250000000000000000e+02 8.632425119921254275e-01 4.666043416706325830e-01
3.260000000000000000e+02 8.632425118927997687e-01 4.666043417841762020e-01
3.270000000000000000e+02 8.632425117931202818e-01 4.666043418981243307e-01
3.280000000000000000e+02 8.632425116931224940e-01 4.666043420124362795e-01
3.290000000000000000e+02 8.632425115928422654e-01 4.666043421270711922e-01
3.300000000000000000e+02 8.632425114923150122e-01 4.666043422419884901e-01
3.310000000000000000e+02 8.632425113915763726e-01 4.666043423571473170e-01
3.320000000000000000e+02 8.632425112906620956e-01 4.666043424725070388e-01
3.330000000000000000e+02 8.632425111896077086e-01 4.666043425880268547e-01
3.340000000000000000e+02 8.632425110884489605e-01 4.666043427036660196e-01
3.350000000000000000e+02 8.632425109872213786e-01 4.666043428193838993e-01
3.360000000000000000e+02 8.632425108859607121e-01 4.666043429351396932e-01
3.370000000000000000e+02 8.632425107847023771e-01 4.666043430508926004e-01
3.380000000000000000e+02 8.632425106834822337e-01 4.666043431666020425e-01
3.390000000000000000e+02 8.632425105823358091e-01 4.666043432822271630e-01
3.400000000000000000e+02 8.632425104812987415e-01 4.666043433977273280e-01
3.410000000000000000e+02 8.632425103804065580e-01 4.666043435130617367e-01
3.420000000000000000e+02 8.632425102796951188e-01 4.666043436281896439e-01
3.430000000000000000e+02 8.632425101791998401e-01 4.666043437430703600e-01
3.440000000000000000e+02 8.632425100789564709e-01 4.666043438576631397e-01
3.450000000000000000e+02 8.632425099790006495e-01 4.666043439719272379e-01
3.460000000000000000e+02 8.632425098793680140e-01 4.666043440858219649e-01
3.470000000000000000e+02 8.632425097800940916e-01 4.666043441993065755e-01
3.480000000000000000e+02 8.632425096812145204e-01 4.666043443123402690e-01
3.490000000000000000e+02 8.632425095827650496e-01 4.666043444248824112e-01
3.500000000000000000e+02 8.632425094847813174e-01 4.666043445368922016e-01
3.510000000000000000e+02 8.632425093872987398e-01 4.666043446483288948e-01
3.520000000000000000e+02 8.632425092903531771e-01 4.666043447591518567e-01
3.530000000000000000e+02 8.632425091939802675e-01 4.666043448693202866e-01
3.540000000000000000e+02 8.632425090982154270e-01 4.666043449787934394e-01
3.550000000000000000e+02 8.632425090030944048e-01 4.666043450875305698e-01
3.560000000000000000e+02 8.632425089086529502e-01 4.666043451954910437e-01
3.570000000000000000e+02 8.632425088149264791e-01 4.666043453026340604e-01
3.580000000000000000e+02 8.632425087219508519e-01 4.666043454089188192e-01
3.590000000000000000e+02 8.632425086297614847e-01 4.666043455143047414e-01
3.600000000000000000e+02 8.632425085383941266e-01 4.666043456187509708e-01
3.610000000000000000e+02 8.632425084478843047e-01 4.666043457222168178e-01
3.620000000000000000e+02 8.632425083582678793e-01 4.666043458246615927e-01
3.630000000000000000e+02 8.632425082695801555e-01 4.666043459260444948e-01
3.640000000000000000e+02 8.632425081818571044e-01 4.666043460263248344e-01
3.650000000000000000e+02 8.632425080951341423e-01 4.666043461254618108e-01
3.660000000000000000e+02 8.632425080094469072e-01 4.666043462234147898e-01
3.670000000000000000e+02 8.632425079248311484e-01 4.666043463201429708e-01
3.680000000000000000e+02 8.632425078413222819e-01 4.666043464156056642e-01
3.690000000000000000e+02 8.632425077589562790e-01 4.666043465097621246e-01
3.700000000000000000e+02 8.632425076777684447e-01 4.666043466025716069e-01
3.710000000000000000e+02 8.632425075977945284e-01 4.666043466939934214e-01
3.720000000000000000e+02 8.632425075190702790e-01 4.666043467839867676e-01
3.730000000000000000e+02 8.632425074416311128e-01 4.666043468725109000e-01
3.740000000000000000e+02 8.632425073655127790e-01 4.666043469595251847e-01
3.750000000000000000e+02 8.632425072907509156e-01 4.666043470449888764e-01
3.760000000000000000e+02 8.632425072173811609e-01 4.666043471288611189e-01
3.770000000000000000e+02 8.632425071454391530e-01 4.666043472111013335e-01
3.780000000000000000e+02 8.632425070749604190e-01 4.666043472916687196e-01
3.790000000000000000e+02 8.632425070059807082e-01 4.666043473705224764e-01
3.800000000000000000e+02 8.632425069385355476e-01 4.666043474476220254e-01
3.810000000000000000e+02 8.632425068726606865e-01 4.666043475229265103e-01
3.820000000000000000e+02 8.632425068083917630e-01 4.666043475963952414e-01
3.830000000000000000e+02 8.632425067457641932e-01 4.666043476679874735e-01
3.840000000000000000e+02 8.632425066848138373e-01 4.666043477376625170e-01
3.850000000000000000e+02 8.632425066255763335e-01 4.666043478053795712e-01
3.860000000000000000e+02 8.632425065680870979e-01 4.666043478710980019e-01
3.870000000000000000e+02 8.632425065123819907e-01 4.666043479347769529e-01
3.880000000000000000e+02 8.632425064584964280e-01 4.666043479963757901e-01
3.890000000000000000e+02 8.632425064064662701e-01 4.666043480558537682e-01
3.900000000000000000e+02 8.632425063563269330e-01 4.666043481131700865e-01
3.910000000000000000e+02 8.632425063081142769e-01 4.666043481682840555e-01
3.920000000000000000e+02 8.632425062618637179e-01 4.666043482211549853e-01
3.930000000000000000e+02 8.632425062176110053e-01 4.666043482717420754e-01
3.940000000000000000e+02 8.632425061753916662e-01 4.666043483200046915e-01
3.950000000000000000e+02 8.632425061352414497e-01 4.666043483659019775e-01
3.960000000000000000e+02 8.632425060971959940e-01 4.666043484093932436e-01
3.970000000000000000e+02 8.632425060612908263e-01 4.666043484504378003e-01
3.980000000000000000e+02 8.632425060275616957e-01 4.666043484889949022e-01
3.990000000000000000e+02 8.632425059960441294e-01 4.666043485250237488e-01
4.000000000000000000e+02 8.632425059667738765e-01 4.666043485584837058e-01
4.010000000000000000e+02 8.632425059397863532e-01 4.666043485893340281e-01
4.020000000000000000e+02 8.632425059151174196e-01 4.666043486175339150e-01
4.030000000000000000e+02 8.632425058928026029e-01 4.666043486430426768e-01
4.040000000000000000e+02 8.632425058728775413e-01 4.666043486658195683e-01
4.050000000000000000e+02 8.632425058553778729e-01 4.666043486858238443e-01
4.060000000000000000e+02 8.632425058403392359e-01 4.666043487030148151e-01
4.070000000000000000e+02 8.632425058277972685e-01 4.666043487173517357e-01
4.080000000000000000e+02 8.632425058177874977e-01 4.666043487287938607e-01
4.090000000000000000e+02 8.632425058103457838e-01 4.666043487373005005e-01
4.100000000000000000e+02 8.632425058055075429e-01 4.666043487428308545e-01
4.110000000000000000e+02 8.632425058033085241e-01 4.666043487453442329e-01
4.120000000000000000e+02 8.632425058037842547e-01 4.666043487447998905e-01
4.130000000000000000e+02 8.632425058069704837e-01 4.666043487411570823e-01
4.140000000000000000e+02 8.632425058129027384e-01 4.666043487343750629e-01
4.150000000000000000e+02 8.632425058216167679e-01 4.666043487244131982e-01
4.160000000000000000e+02 8.632425058331480994e-01 4.666043487112306321e-01
4.170000000000000000e+02 8.632425058475323709e-01 4.666043486947867303e-01
4.180000000000000000e+02 8.632425058648052207e-01 4.666043486750406921e-01
4.190000000000000000e+02 8.632425058850023980e-01 4.666043486519518280e-01
4.200000000000000000e+02 8.632425059081594299e-01 4.666043486254793926e-01
4.210000000000000000e+02 8.632425059343118434e-01 4.666043485955826409e-01
4.220000000000000000e+02 8.632425059634954989e-01 4.666043485622208276e-01
4.230000000000000000e+02 8.632425059957459235e-01 4.666043485253532630e-01
4.240000000000000000e+02 8.632425060310986442e-01 4.666043484849392020e-01
4.250000000000000000e+02 8.632425060695894103e-01 4.666043484409378994e-01
4.260000000000000000e+02 8.632425061112538600e-01 4.666043483933086100e-01
4.270000000000000000e+02 8.632425061561275204e-01 4.666043483420106441e-01
4.280000000000000000e+02 8.632425062042462516e-01 4.666043482870032566e-01
4.290000000000000000e+02 8.632425062556453588e-01 4.666043482282456467e-01
4.300000000000000000e+02 8.632425063103607021e-01 4.666043481656971803e-01
4.310000000000000000e+02 8.632425063684279198e-01 4.666043480993171122e-01
4.320000000000000000e+02 8.632425064298825390e-01 4.666043480290646417e-01
4.330000000000000000e+02 8.632425064947601978e-01 4.666043479548991346e-01
4.340000000000000000e+02 8.632425065630965344e-01 4.666043478767797348e-01
4.350000000000000000e+02 8.632425066349272980e-01 4.666043477946658080e-01
4.360000000000000000e+02 8.632425067102879046e-01 4.666043477085166091e-01
4.370000000000000000e+02 8.632425067892142145e-01 4.666043476182913929e-01
4.380000000000000000e+02 8.632425068717416439e-01 4.666043475239494143e-01
4.390000000000000000e+02 8.632425069579060528e-01 4.666043474254499279e-01
4.400000000000000000e+02 8.632425070477428575e-01 4.666043473227522442e-01
4.410000000000000000e+02 8.632425071412878070e-01 4.666043472158156180e-01
4.420000000000000000e+02 8.632425072385765397e-01 4.666043471045993041e-01
4.430000000000000000e+02 8.632425073396446935e-01 4.666043469890625572e-01
4.440000000000000000e+02 8.632425074445277957e-01 4.666043468691646878e-01
4.450000000000000000e+02 8.632425075532615955e-01 4.666043467448649507e-01
4.460000000000000000e+02 8.632425076658816199e-01 4.666043466161226005e-01
4.470000000000000000e+02 8.632425077824236181e-01 4.666043464828968923e-01
4.480000000000000000e+02 8.632425079029230064e-01 4.666043463451471363e-01
4.490000000000000000e+02 8.632425080274157558e-01 4.666043462028325317e-01
4.500000000000000000e+02 8.632425081559371716e-01 4.666043460559124445e-01
4.510000000000000000e+02 8.632425082885231138e-01 4.666043459043460184e-01
4.520000000000000000e+02 8.632425084252091096e-01 4.666043457480926748e-01
4.530000000000000000e+02 8.632425085660306863e-01 4.666043455871115575e-01
4.540000000000000000e+02 8.632425087110237039e-01 4.666043454213619213e-01
4.550000000000000000e+02 8.632425088602236896e-01 4.666043452508031875e-01
4.560000000000000000e+02 8.632425090136662815e-01 4.666043450753944444e-01
4.570000000000000000e+02 8.632425091713870069e-01 4.666043448950950578e-01
4.580000000000000000e+02 8.632425093334216148e-01 4.666043447098642827e-01
4.590000000000000000e+02 8.632425094998057435e-01 4.666043445196613737e-01
4.600000000000000000e+02 8.632425096705749201e-01 4.666043443244456412e-01
4.610000000000000000e+02 8.632425098457648938e-01 4.666043441241762846e-01
4.620000000000000000e+02 8.632425100254113026e-01 4.666043439188126141e-01
4.630000000000000000e+02 8.632425102095496738e-01 4.666043437083138845e-01
4.640000000000000000e+02 8.632425102784401227e-01 4.666043436295612690e-01
4.650000000000000000e+02 8.632425103025981317e-01 4.666043436019449153e-01
4.660000000000000000e+02 8.632425103269725231e-01 4.666043435740812040e-01
4.670000000000000000e+02 8.632425103515609655e-01 4.666043435459727440e-01
4.680000000000000000e+02 8.632425103763612384e-01 4.666043435176221443e-01
4.690000000000000000e+02 8.632425104013711215e-01 4.666043434890320696e-01
4.700000000000000000e+02 8.632425104265880611e-01 4.666043434602051843e-01
4.710000000000000000e+02 8.632425104520099479e-01 4.666043434311440419e-01
4.720000000000000000e+02 8.632425104776343394e-01 4.666043434018513625e-01
4.730000000000000000e+02 8.632425105034590151e-01 4.666043433723297551e-01
4.740000000000000000e+02 8.632425105294817547e-01 4.666043433425818288e-01
4.750000000000000000e+02 8.632425105557001155e-01 4.666043433126102480e-01
4.760000000000000000e+02 8.632425105821117661e-01 4.666043432824176218e-01
4.770000000000000000e+02 8.632425106087145972e-01 4.666043432520066148e-01
4.780000000000000000e+02 8.632425106355060551e-01 4.666043432213798914e-01
4.790000000000000000e+02 8.632425106624840305e-01 4.666043431905400052e-01
4.800000000000000000e+02 8.632425106896460809e-01 4.666043431594896207e-01
4.810000000000000000e+02 8.632425107169899858e-01 4.666043431282314580e-01
4.820000000000000000e+02 8.632425107445134138e-01 4.666043430967680150e-01
4.830000000000000000e+02 8.632425107722140334e-01 4.666043430651020119e-01
4.840000000000000000e+02 8.632425108000896241e-01 4.666043430332360575e-01
4.850000000000000000e+02 8.632425108281377435e-01 4.666043430011728166e-01
4.860000000000000000e+02 8.632425108563562821e-01 4.666043429689148980e-01
4.870000000000000000e+02 8.632425108847426865e-01 4.666043429364649109e-01
4.880000000000000000e+02 8.632425109132948471e-01 4.666043429038255752e-01
4.890000000000000000e+02 8.632425109420104326e-01 4.666043428709994445e-01
4.900000000000000000e+02 8.632425109708870004e-01 4.666043428379891833e-01
4.910000000000000000e+02 8.632425109999224411e-01 4.666043428047974562e-01
4.920000000000000000e+02 8.632425110291142012e-01 4.666043427714268166e-01
4.930000000000000000e+02 8.632425110584602823e-01 4.666043427378800401e-01
4.940000000000000000e+02 8.632425110879581309e-01 4.666043427041596248e-01
4.950000000000000000e+02 8.632425111176055266e-01 4.666043426702682351e-01
4.960000000000000000e+02 8.632425111474002488e-01 4.666043426362085911e-01
4.970000000000000000e+02 8.632425111773398552e-01 4.666043426019832463e-01
4.980000000000000000e+02 8.632425112074221252e-01 4.666043425675948653e-01
4.990000000000000000e+02 8.632425112376447274e-01 4.666043425330460570e-01
5.000000000000000000e+02 8.632425112680053303e-01 4.666043424983394861e-01
5.010000000000000000e+02 8.632425112985016025e-01 4.666043424634777614e-01
5.020000000000000000e+02 8.632425113291313234e-01 4.666043424284635477e-01
5.030000000000000000e+02 8.632425113598921618e-01 4.666043423932995093e-01
5.040000000000000000e+02 8.632425113907817860e-01 4.666043423579881999e-01
5.050000000000000000e+02 8.632425114217978646e-01 4.666043423225322839e-01
5.060000000000000000e+02 8.632425114529381771e-01 4.666043422869344259e-01
5.070000000000000000e+02 8.632425114842003921e-01 4.666043422511972905e-01
5.080000000000000000e+02 8.632425115155821782e-01 4.666043422153234310e-01
5.090000000000000000e+02 8.632425115470813148e-01 4.666043421793155122e-01
5.100000000000000000e+02 8.632425115786952485e-01 4.666043421431761984e-01
5.110000000000000000e+02 8.632425116104219809e-01 4.666043421069080988e-01
5.120000000000000000e+02 8.632425116422589584e-01 4.666043420705138223e-01
5.130000000000000000e+02 8.632425116742040716e-01 4.666043420339960890e-01
5.140000000000000000e+02 8.632425117062548781e-01 4.666043419973574524e-01
5.150000000000000000e+02 8.632425117384091573e-01 4.666043419606006326e-01
5.160000000000000000e+02 8.632425117706645779e-01 4.666043419237281276e-01
5.170000000000000000e+02 8.632425118030188083e-01 4.666043418867427128e-01
5.180000000000000000e+02 8.632425118354696281e-01 4.666043418496469974e-01
5.190000000000000000e+02 8.632425118680145948e-01 4.666043418124435349e-01
5.200000000000000000e+02 8.632425119006513770e-01 4.666043417751350453e-01
5.210000000000000000e+02 8.632425119333778651e-01 4.666043417377240821e-01
5.220000000000000000e+02 8.632425119661917279e-01 4.666043417002133653e-01
5.230000000000000000e+02 8.632425119990905227e-01 4.666043416626055040e-01
5.240000000000000000e+02 8.632425120320719181e-01 4.666043416249031628e-01
5.250000000000000000e+02 8.632425120651338046e-01 4.666043415871088951e-01
5.260000000000000000e+02 8.632425120982737399e-01 4.666043415492253654e-01
5.270000000000000000e+02 8.632425121314893923e-01 4.666043415112552939e-01
5.280000000000000000e+02 8.632425121647786526e-01 4.666043414732011785e-01
5.290000000000000000e+02 8.632425121981389671e-01 4.666043414350657947e-01
5.300000000000000000e+02 8.632425122315681154e-01 4.666043413968516407e-01
5.310000000000000000e+02 8.632425122650638771e-01 4.666043413585614918e-01
5.320000000000000000e+02 8.632425122986238097e-01 4.666043413201978463e-01
5.330000000000000000e+02 8.632425123322456928e-01 4.666043412817634239e-01
5.340000000000000000e+02 8.632425123659273059e-01 4.666043412432608894e-01
5.350000000000000000e+02 8.632425123996662064e-01 4.666043412046927963e-01
5.360000000000000000e+02 8.632425124334600630e-01 4.666043411660618090e-01
5.370000000000000000e+02 8.632425124673066552e-01 4.666043411273705921e-01
5.380000000000000000e+02 8.632425125012036515e-01 4.666043410886217546e-01
5.390000000000000000e+02 8.632425125351488315e-01 4.666043410498179611e-01
5.400000000000000000e+02 8.632425125691397527e-01 4.666043410109617651e-01
5.410000000000000000e+02 8.632425126031741947e-01 4.666043409720558865e-01
5.420000000000000000e+02 8.632425126372498259e-01 4.666043409331029346e-01
5.430000000000000000e+02 8.632425126713643149e-01 4.666043408941055737e-01
5.440000000000000000e+02 8.632425127055153302e-01 4.666043408550664129e-01
5.450000000000000000e+02 8.632425127397006515e-01 4.666043408159880612e-01
5.460000000000000000e+02 8.632425127739179471e-01 4.666043407768731832e-01
5.470000000000000000e+02 8.632425128081649968e-01 4.666043407377243879e-01
5.480000000000000000e+02 8.632425128424392469e-01 4.666043406985443398e-01
5.490000000000000000e+02 8.632425128767386990e-01 4.666043406593357035e-01
5.500000000000000000e+02 8.632425129110607998e-01 4.666043406201010324e-01
5.510000000000000000e+02 8.632425129454033286e-01 4.666043405808430466e-01
5.520000000000000000e+02 8.632425129797639540e-01 4.666043405415643552e-01
5.530000000000000000e+02 8.632425130141404557e-01 4.666043405022675672e-01
5.540000000000000000e+02 8.632425130485305020e-01 4.666043404629553470e-01
5.550000000000000000e+02 8.632425130829317617e-01 4.666043404236303038e-01
5.560000000000000000e+02 8.632425131173419031e-01 4.666043403842951021e-01
5.570000000000000000e+02 8.632425131517587058e-01 4.666043403449523508e-01
5.580000000000000000e+02 8.632425131861797274e-01 4.666043403056046590e-01
5.590000000000000000e+02 8.632425132206027474e-01 4.666043402662547468e-01
5.600000000000000000e+02 8.632425132550255453e-01 4.666043402269052232e-01
5.610000000000000000e+02 8.632425132894456787e-01 4.666043401875586416e-01
5.620000000000000000e+02 8.632425133238608161e-01 4.666043401482177777e-01
5.630000000000000000e+02 8.632425133582688481e-01 4.666043401088851295e-01
5.640000000000000000e+02 8.632425133926672212e-01 4.666043400695634169e-01
5.650000000000000000e+02 8.632425134270538258e-01 4.666043400302552491e-01
5.660000000000000000e+02 8.632425134614262197e-01 4.666043399909632350e-01
5.670000000000000000e+02 8.632425134957822932e-01 4.666043399516900947e-01
5.680000000000000000e+02 8.632425135301194929e-01 4.666043399124383817e-01
5.690000000000000000e+02 8.632425135644357095e-01 4.666043398732107605e-01
5.700000000000000000e+02 8.632425135987285003e-01 4.666043398340098958e-01
5.710000000000000000e+02 8.632425136329956450e-01 4.666043397948383409e-01
5.720000000000000000e+02 8.632425136672347010e-01 4.666043397556988159e-01
5.730000000000000000e+02 8.632425137014435590e-01 4.666043397165939299e-01
5.740000000000000000e+02 8.632425137356198874e-01 4.666043396775262919e-01
5.750000000000000000e+02 8.632425137697612438e-01 4.666043396384985664e-01
5.760000000000000000e+02 8.632425138038654078e-01 4.666043395995134180e-01
5.770000000000000000e+02 8.632425138379300478e-01 4.666043395605734001e-01
5.780000000000000000e+02 8.632425138627112249e-01 4.666043395322455045e-01
5.790000000000000000e+02 8.632425138864846526e-01 4.666043395050695208e-01
5.800000000000000000e+02 8.632425139099481060e-01 4.666043394782479758e-01
5.810000000000000000e+02 8.632425139330968111e-01 4.666043394517861431e-01
5.820000000000000000e+02 8.632425139559264382e-01 4.666043394256891297e-01
5.830000000000000000e+02 8.632425139784322132e-01 4.666043393999622646e-01
5.840000000000000000e+02 8.632425140006095843e-01 4.666043393746108214e-01
5.850000000000000000e+02 8.632425140224541105e-01 4.666043393496399627e-01
5.860000000000000000e+02 8.632425140439610178e-01 4.666043393250549620e-01
5.870000000000000000e+02 8.632425140651258655e-01 4.666043393008610374e-01
5.880000000000000000e+02 8.632425140859439905e-01 4.666043392770634624e-01
5.890000000000000000e+02 8.632425141064108409e-01 4.666043392536674550e-01
5.900000000000000000e+02 8.632425141265217539e-01 4.666043392306782889e-01
5.910000000000000000e+02 8.632425141462722884e-01 4.666043392081011820e-01
5.920000000000000000e+02 8.632425141656577816e-01 4.666043391859412970e-01
5.930000000000000000e+02 8.632425141846735706e-01 4.666043391642040183e-01
5.940000000000000000e+02 8.632425142033152143e-01 4.666043391428944531e-01
5.950000000000000000e+02 8.632425142215781610e-01 4.666043391220179304e-01
5.960000000000000000e+02 8.632425142394576367e-01 4.666043391015796682e-01
5.970000000000000000e+02 8.632425142569492005e-01 4.666043390815848846e-01
5.980000000000000000e+02 8.632425142740481894e-01 4.666043390620388531e-01
5.990000000000000000e+02 8.632425142907500515e-01 4.666043390429467919e-01
6.000000000000000000e+02 8.632425143070502349e-01 4.666043390243139188e-01
6.010000000000000000e+02 8.632425143229440767e-01 4.666043390061454521e-01
6.020000000000000000e+02 8.632425143384271360e-01 4.666043389884467207e-01
6.030000000000000000e+02 8.632425143534947498e-01 4.666043389712229428e-01
6.040000000000000000e+02 8.632425143681422552e-01 4.666043389544792808e-01
6.050000000000000000e+02 8.632425143823651004e-01 4.666043389382210638e-01
6.060000000000000000e+02 8.632425143961588443e-01 4.666043389224534543e-01
6.070000000000000000e+02 8.632425144095187131e-01 4.666043389071817815e-01
6.080000000000000000e+02 8.632425144224402658e-01 4.666043388924112079e-01
6.090000000000000000e+02 8.632425144349189505e-01 4.666043388781470069e-01
6.100000000000000000e+02 8.632425144469499934e-01 4.666043388643943968e-01
6.110000000000000000e+02 8.632425144585288423e-01 4.666043388511586509e-01
6.120000000000000000e+02 8.632425144696510566e-01 4.666043388384449875e-01
6.130000000000000000e+02 8.632425144803120842e-01 4.666043388262586245e-01
6.140000000000000000e+02 8.632425144905070402e-01 4.666043388146048354e-01
6.150000000000000000e+02 8.632425145002317057e-01 4.666043388034888939e-01
6.160000000000000000e+02 8.632425145094813068e-01 4.666043387929159070e-01
6.170000000000000000e+02 8.632425145182511805e-01 4.666043387828912592e-01
6.180000000000000000e+02 8.632425145265368860e-01 4.666043387734201686e-01
6.190000000000000000e+02 8.632425145343338713e-01 4.666043387645077978e-01
6.200000000000000000e+02 8.632425145416374734e-01 4.666043387561594202e-01
6.210000000000000000e+02 8.632425145484430296e-01 4.666043387483802540e-01
6.220000000000000000e+02 8.632425145547460987e-01 4.666043387411756282e-01
6.230000000000000000e+02 8.632425145605420180e-01 4.666043387345507054e-01
6.240000000000000000e+02 8.632425145658263466e-01 4.666043387285107036e-01
6.250000000000000000e+02 8.632425145705943104e-01 4.666043387230609518e-01
6.260000000000000000e+02 8.632425145748413575e-01 4.666043387182066127e-01
6.270000000000000000e+02 8.632425145785629361e-01 4.666043387139529597e-01
6.280000000000000000e+02 8.632425145817544943e-01 4.666043387103052109e-01
6.290000000000000000e+02 8.632425145844114800e-01 4.666043387072686399e-01
6.300000000000000000e+02 8.632425145865292304e-01 4.666043387048484647e-01
6.310000000000000000e+02 8.632425145881031936e-01 4.666043387030499034e-01
6.320000000000000000e+02 8.632425145891287066e-01 4.666043387018782296e-01
6.330000000000000000e+02 8.632425145896013285e-01 4.666043387013387167e-01
6.340000000000000000e+02 8.632425145895163965e-01 4.666043387014364718e-01
6.350000000000000000e+02 8.632425145888693585e-01 4.666043387021768796e-01
6.360000000000000000e+02 8.632425145876555517e-01 4.666043387035651024e-01
6.370000000000000000e+02 8.632425145858705351e-01 4.666043387056064140e-01
6.380000000000000000e+02 8.632425145835095348e-01 4.666043387083060323e-01
6.390000000000000000e+02 8.632425145805682209e-01 4.666043387116692309e-01
6.400000000000000000e+02 8.632425145770417085e-01 4.666043387157011724e-01
6.410000000000000000e+02 8.632425145729256677e-01 4.666043387204071857e-01
6.420000000000000000e+02 8.632425145682154355e-01 4.666043387257924335e-01
6.430000000000000000e+02 8.632425145629063490e-01 4.666043387318621893e-01
6.440000000000000000e+02 8.632425145569938563e-01 4.666043387386217267e-01
6.450000000000000000e+02 8.632425145504734054e-01 4.666043387460762637e-01
6.460000000000000000e+02 8.632425145433405556e-01 4.666043387542310183e-01
6.470000000000000000e+02 8.632425145355904217e-01 4.666043387630912087e-01
6.480000000000000000e+02 8.632425145272185629e-01 4.666043387726621638e-01
6.490000000000000000e+02 8.632425145182205384e-01 4.666043387829490463e-01
6.500000000000000000e+02 8.632425145085915741e-01 4.666043387939570741e-01
6.510000000000000000e+02 8.632425144983271181e-01 4.666043388056915764e-01
6.520000000000000000e+02 8.632425144874226186e-01 4.666043388181577711e-01
6.530000000000000000e+02 8.632425144758735236e-01 4.666043388313608209e-01
6.540000000000000000e+02 8.632425144636751702e-01 4.666043388453060548e-01
6.550000000000000000e+02 8.632425144508231174e-01 4.666043388599986352e-01
6.560000000000000000e+02 8.632425144373125914e-01 4.666043388754438914e-01
6.570000000000000000e+02 8.632425144231391512e-01 4.666043388916469858e-01
6.580000000000000000e+02 8.632425144082981339e-01 4.666043389086131365e-01
6.590000000000000000e+02 8.632425143927849875e-01 4.666043389263477281e-01
6.600000000000000000e+02 8.632425143765951603e-01 4.666043389448558121e-01
6.610000000000000000e+02 8.632425143597239892e-01 4.666043389641427730e-01
6.620000000000000000e+02 8.632425143421669222e-01 4.666043389842137734e-01
6.630000000000000000e+02 8.632425143239195187e-01 4.666043390050740869e-01
6.640000000000000000e+02 8.632425143049768934e-01 4.666043390267289870e-01
6.650000000000000000e+02 8.632425142853347166e-01 4.666043390491836362e-01
6.660000000000000000e+02 8.632425142649883254e-01 4.666043390724432527e-01
6.670000000000000000e+02 8.632425142439331678e-01 4.666043390965132209e-01
6.680000000000000000e+02 8.632425142221645809e-01 4.666043391213986480e-01
6.690000000000000000e+02 8.632425141996781237e-01 4.666043391471048074e-01
6.700000000000000000e+02 8.632425141764690224e-01 4.666043391736369172e-01
6.710000000000000000e+02 8.632425141525328360e-01 4.666043392010003066e-01
6.720000000000000000e+02 8.632425141278649017e-01 4.666043392292001379e-01
6.730000000000000000e+02 8.632425141024606674e-01 4.666043392582416849e-01
6.740000000000000000e+02 8.632425140763154703e-01 4.666043392881301100e-01
6.750000000000000000e+02 8.632425140494249804e-01 4.666043393188707422e-01
6.760000000000000000e+02 8.632425140217843129e-01 4.666043393504687997e-01
6.770000000000000000e+02 8.632425139933890268e-01 4.666043393829295560e-01
6.780000000000000000e+02 8.632425139642345702e-01 4.666043394162581737e-01
6.790000000000000000e+02 8.632425139343162801e-01 4.666043394504599262e-01
6.800000000000000000e+02 8.632425139036296047e-01 4.666043394855400317e-01
6.810000000000000000e+02 8.632425138721699920e-01 4.666043395215037637e-01
6.820000000000000000e+02 8.632425138399327791e-01 4.666043395583563402e-01
6.830000000000000000e+02 8.632425138069135251e-01 4.666043395961030349e-01
6.840000000000000000e+02 8.632425137731074560e-01 4.666043396347490657e-01
6.850000000000000000e+02 8.632425137385101310e-01 4.666043396742996507e-01
6.860000000000000000e+02 8.632425137031168871e-01 4.666043397147600635e-01
6.870000000000000000e+02 8.632425136669232835e-01 4.666043397561355222e-01
6.880000000000000000e+02 8.632425136299245461e-01 4.666043397984313001e-01
6.890000000000000000e+02 8.632425135921161230e-01 4.666043398416526156e-01
6.900000000000000000e+02 8.632425135534935734e-01 4.666043398858046309e-01
6.910000000000000000e+02 8.632425135172218100e-01 4.666043399272692405e-01
6.920000000000000000e+02 8.632425135012326001e-01 4.666043399455477858e-01
6.930000000000000000e+02 8.632425134850510995e-01 4.666043399640460998e-01
6.940000000000000000e+02 8.632425134686783075e-01 4.666043399827631277e-01
6.950000000000000000e+02 8.632425134521151122e-01 4.666043400016977039e-01
6.960000000000000000e+02 8.632425134353625129e-01 4.666043400208488845e-01
6.970000000000000000e+02 8.632425134184215088e-01 4.666043400402154484e-01
6.980000000000000000e+02 8.632425134012928769e-01 4.666043400597963964e-01
6.990000000000000000e+02 8.632425133839777276e-01 4.666043400795905627e-01
7.000000000000000000e+02 8.632425133664769490e-01 4.666043400995970036e-01
7.010000000000000000e+02 8.632425133487915403e-01 4.666043401198144980e-01
7.020000000000000000e+02 8.632425133309222787e-01 4.666043401402419910e-01
7.030000000000000000e+02 8.632425133128702743e-01 4.666043401608784835e-01
7.040000000000000000e+02 8.632425132946365265e-01 4.666043401817228098e-01
7.050000000000000000e+02 8.632425132762218123e-01 4.666043402027739151e-01
7.060000000000000000e+02 8.632425132576271309e-01 4.666043402240306892e-01
7.070000000000000000e+02 8.632425132388535927e-01 4.666043402454920774e-01
7.080000000000000000e+02 8.632425132199018636e-01 4.666043402671569695e-01
7.090000000000000000e+02 8.632425132007731650e-01 4.666043402890243108e-01
7.100000000000000000e+02 8.632425131814681629e-01 4.666043403110929910e-01
7.110000000000000000e+02 8.632425131619880787e-01 4.666043403333619555e-01
7.120000000000000000e+02 8.632425131423336895e-01 4.666043403558301494e-01
7.130000000000000000e+02 8.632425131225061055e-01 4.666043403784964072e-01
7.140000000000000000e+02 8.632425131025059928e-01 4.666043404013596740e-01
7.150000000000000000e+02 8.632425130823345727e-01 4.666043404244188952e-01
7.160000000000000000e+02 8.632425130619927334e-01 4.666043404476729606e-01
7.170000000000000000e+02 8.632425130414813630e-01 4.666043404711207598e-01
7.180000000000000000e+02 8.632425130208013497e-01 4.666043404947612938e-01
7.190000000000000000e+02 8.632425129999538038e-01 4.666043405185933968e-01
7.200000000000000000e+02 8.632425129789395024e-01 4.666043405426160695e-01
7.210000000000000000e+02 8.632425129577595557e-01 4.666043405668281463e-01
7.220000000000000000e+02 8.632425129364147409e-01 4.666043405912285724e-01
7.230000000000000000e+02 8.632425129149061682e-01 4.666043406158162377e-01
7.240000000000000000e+02 8.632425128932347258e-01 4.666043406405900873e-01
7.250000000000000000e+02 8.632425128714013018e-01 4.666043406655490666e-01
7.260000000000000000e+02 8.632425128494070066e-01 4.666043406906920654e-01
7.270000000000000000e+02 8.632425128272526171e-01 4.666043407160179735e-01
7.280000000000000000e+02 8.632425128049391327e-01 4.666043407415257360e-01
7.290000000000000000e+02 8.632425127824674416e-01 4.666043407672142984e-01
7.300000000000000000e+02 8.632425127598386538e-01 4.666043407930824949e-01
7.310000000000000000e+02 8.632425127370535467e-01 4.666043408191293262e-01
7.320000000000000000e+02 8.632425127141132304e-01 4.666043408453536268e-01
7.330000000000000000e+02 8.632425126910184821e-01 4.666043408717543972e-01
7.340000000000000000e+02 8.632425126677704119e-01 4.666043408983304719e-01
7.350000000000000000e+02 8.632425126443699082e-01 4.666043409250808516e-01
7.360000000000000000e+02 8.632425126208178590e-01 4.666043409520044261e-01
7.370000000000000000e+02 8.632425125971151525e-01 4.666043409791000851e-01
7.380000000000000000e+02 8.632425125732630100e-01 4.666043410063667185e-01
7.390000000000000000e+02 8.632425125492620976e-01 4.666043410338033270e-01
7.400000000000000000e+02 8.632425125251135256e-01 4.666043410614087450e-01
7.410000000000000000e+02 8.632425125008181821e-01 4.666043410891819176e-01
7.420000000000000000e+02 8.632425124763769553e-01 4.666043411171217903e-01
7.430000000000000000e+02 8.632425124517909554e-01 4.666043411452272527e-01
7.440000000000000000e+02 8.632425124270609595e-01 4.666043411734972501e-01
7.450000000000000000e+02 8.632425124021879670e-01 4.666043412019306169e-01
7.460000000000000000e+02 8.632425123771730879e-01 4.666043412305264093e-01
7.470000000000000000e+02 8.632425123520169885e-01 4.666043412592834061e-01
7.480000000000000000e+02 8.632425123267208900e-01 4.666043412882005526e-01
7.490000000000000000e+02 8.632425123012854584e-01 4.666043413172768495e-01
7.500000000000000000e+02 8.632425122757119151e-01 4.666043413465111311e-01
7.510000000000000000e+02 8.632425122500010373e-01 4.666043413759023428e-01
7.520000000000000000e+02 8.632425122241538240e-01 4.666043414054494298e-01
7.530000000000000000e+02 8.632425121981711635e-01 4.666043414351512264e-01
7.540000000000000000e+02 8.632425121720541661e-01 4.666043414650066778e-01
7.550000000000000000e+02 8.632425121458036088e-01 4.666043414950147850e-01
7.560000000000000000e+02 8.632425121194204909e-01 4.666043415251743820e-01
7.570000000000000000e+02 8.632425120929058115e-01 4.666043415554843588e-01
7.580000000000000000e+02 8.632425120662605700e-01 4.666043415859437160e-01
7.590000000000000000e+02 8.632425120394854323e-01 4.666043416165513436e-01
7.600000000000000000e+02 8.632425120125817308e-01 4.666043416473061312e-01
7.610000000000000000e+02 8.632425119855501316e-01 4.666043416782069686e-01
7.620000000000000000e+02 8.632425119583916340e-01 4.666043417092528567e-01
7.630000000000000000e+02 8.632425119311072370e-01 4.666043417404426297e-01
7.640000000000000000e+02 8.632425119036979400e-01 4.666043417717752884e-01
7.650000000000000000e+02 8.632425118761645200e-01 4.666043418032496670e-01
7.660000000000000000e+02 8.632425118485080873e-01 4.666043418348647109e-01
7.670000000000000000e+02 8.632425118207295300e-01 4.666043418666193654e-01
7.680000000000000000e+02 8.632425117928298475e-01 4.666043418985125202e-01
7.690000000000000000e+02 8.632425117648099278e-01 4.666043419305431206e-01
7.700000000000000000e+02 8.632425117366706591e-01 4.666043419627100008e-01
7.710000000000000000e+02 8.632425117084131516e-01 4.666043419950121618e-01
7.720000000000000000e+02 8.632425116800381826e-01 4.666043420274485487e-01
7.730000000000000000e+02 8.632425116515468622e-01 4.666043420600179403e-01
7.740000000000000000e+02 8.632425116229399675e-01 4.666043420927193930e-01
7.750000000000000000e+02 8.632425115942186089e-01 4.666043421255516854e-01
7.760000000000000000e+02 8.632425115653835634e-01 4.666043421585138740e-01
7.770000000000000000e+02 8.632425115364359414e-01 4.666043421916047929e-01
7.780000000000000000e+02 8.632425115073766309e-01 4.666043422248233874e-01
7.790000000000000000e+02 8.632425114782066311e-01 4.666043422581686029e-01
7.800000000000000000e+02 8.632425114489267193e-01 4.666043422916392736e-01
7.810000000000000000e+02 8.632425114195380056e-01 4.666043423252344002e-01
7.820000000000000000e+02 8.632425113900413782e-01 4.666043423589528172e-01
7.830000000000000000e+02 8.632425113604378364e-01 4.666043423927934697e-01
7.840000000000000000e+02 8.632425113307282682e-01 4.666043424267553585e-01
7.850000000000000000e+02 8.632425113009136730e-01 4.666043424608372625e-01
7.860000000000000000e+02 8.632425112709948278e-01 4.666043424950381824e-01
7.870000000000000000e+02 8.632425112409729540e-01 4.666043425293570635e-01
7.880000000000000000e+02 8.632425112108488285e-01 4.666043425637927400e-01
7.890000000000000000e+02 8.632425111806234508e-01 4.666043425983441573e-01
7.900000000000000000e+02 8.632425111502977089e-01 4.666043426330102606e-01
7.910000000000000000e+02 8.632425111198726020e-01 4.666043426677899397e-01
7.920000000000000000e+02 8.632425110893491293e-01 4.666043427026820845e-01
7.930000000000000000e+02 8.632425110587280681e-01 4.666043427376856956e-01
7.940000000000000000e+02 8.632425110280106395e-01 4.666043427727996074e-01
7.950000000000000000e+02 8.632425109971975097e-01 4.666043428080227651e-01
7.960000000000000000e+02 8.632425109662897889e-01 4.666043428433540585e-01
7.970000000000000000e+02 8.632425109352883652e-01 4.666043428787924885e-01
7.980000000000000000e+02 8.632425109041941269e-01 4.666043429143368892e-01
7.990000000000000000e+02 8.632425108730081842e-01 4.666043429499862061e-01
8.000000000000000000e+02 8.632425108417314252e-01 4.666043429857393288e-01
8.010000000000000000e+02 8.632425108103647382e-01 4.666043430215952026e-01
8.020000000000000000e+02 8.632425107789091223e-01 4.666043430575527728e-01
8.030000000000000000e+02 8.632425107473654657e-01 4.666043430936108738e-01
8.040000000000000000e+02 8.632425107157347677e-01 4.666043431297685062e-01
8.050000000000000000e+02 8.632425106881616017e-01 4.666043431612879600e-01
8.060000000000000000e+02 8.632425106688890182e-01 4.666043431833188371e-01
8.070000000000000000e+02 8.632425106498592404e-01 4.666043432050722695e-01
8.080000000000000000e+02 8.632425106310759322e-01 4.666043432265438162e-01
8.090000000000000000e+02 8.632425106125429792e-01 4.666043432477292585e-01
8.100000000000000000e+02 8.632425105942641563e-01 4.666043432686241554e-01
8.110000000000000000e+02 8.632425105762432382e-01 4.666043432892242881e-01
8.120000000000000000e+02 8.632425105584839997e-01 4.666043433095252713e-01
8.130000000000000000e+02 8.632425105409902155e-01 4.666043433295227194e-01
8.140000000000000000e+02 8.632425105237656604e-01 4.666043433492124137e-01
8.150000000000000000e+02 8.632425105068141091e-01 4.666043433685899688e-01
8.160000000000000000e+02 8.632425104901394475e-01 4.666043433876510549e-01
8.170000000000000000e+02 8.632425104737454502e-01 4.666043434063913420e-01
8.180000000000000000e+02 8.632425104576357811e-01 4.666043434248065003e-01
8.190000000000000000e+02 8.632425104418144368e-01 4.666043434428921999e-01
8.200000000000000000e+02 8.632425104262849702e-01 4.666043434606441109e-01
8.210000000000000000e+02 8.632425104110512670e-01 4.666043434780579036e-01
8.220000000000000000e+02 8.632425103961171020e-01 4.666043434951292479e-01
8.230000000000000000e+02 8.632425103814863609e-01 4.666043435118538141e-01
8.240000000000000000e+02 8.632425103671627076e-01 4.666043435282273277e-01
8.250000000000000000e+02 8.632425103531500277e-01 4.666043435442453480e-01
8.260000000000000000e+02 8.632425103394519850e-01 4.666043435599036560e-01
8.270000000000000000e+02 8.632425103260724653e-01 4.666043435751978108e-01
8.280000000000000000e+02 8.632425103130152433e-01 4.666043435901235936e-01
8.290000000000000000e+02 8.632425103002840938e-01 4.666043436046766191e-01
8.300000000000000000e+02 8.632425102878827916e-01 4.666043436188525573e-01
8.310000000000000000e+02 8.632425102758151114e-01 4.666043436326470784e-01
8.320000000000000000e+02 8.632425102640849390e-01 4.666043436460558524e-01
8.330000000000000000e+02 8.632425102526959382e-01 4.666043436590745497e-01
8.340000000000000000e+02 8.632425102416519946e-01 4.666043436716988402e-01
8.350000000000000000e+02 8.632425102309567722e-01 4.666043436839243941e-01
8.360000000000000000e+02 8.632425102206141565e-01 4.666043436957468815e-01
8.370000000000000000e+02 8.632425102106279224e-01 4.666043437071620281e-01
8.380000000000000000e+02 8.632425102010018447e-01 4.666043437181653930e-01
8.390000000000000000e+02 8.632425101917398091e-01 4.666043437287527573e-01
8.400000000000000000e+02 8.632425101828453684e-01 4.666043437389196802e-01
8.410000000000000000e+02 8.632425101743225193e-01 4.666043437486619427e-01
8.420000000000000000e+02 8.632425101661749256e-01 4.666043437579751596e-01
8.430000000000000000e+02 8.632425101584064731e-01 4.666043437668550009e-01
8.440000000000000000e+02 8.632425101510209364e-01 4.666043437752971368e-01
8.450000000000000000e+02 8.632425101440220905e-01 4.666043437832972374e-01
8.460000000000000000e+02 8.632425101374135989e-01 4.666043437908509728e-01
8.470000000000000000e+02 8.632425101311994586e-01 4.666043437979540687e-01
8.480000000000000000e+02 8.632425101253833333e-01 4.666043438046020841e-01
8.490000000000000000e+02 8.632425101199689976e-01 4.666043438107908004e-01
8.500000000000000000e+02 8.632425101149603375e-01 4.666043438165157764e-01
8.510000000000000000e+02 8.632425101103610166e-01 4.666043438217727934e-01
8.520000000000000000e+02 8.632425101061749206e-01 4.666043438265574661e-01
8.530000000000000000e+02 8.632425101024057135e-01 4.666043438308654645e-01
8.540000000000000000e+02 8.632425100990573918e-01 4.666043438346924588e-01
8.550000000000000000e+02 8.632425100961335085e-01 4.666043438380341191e-01
8.560000000000000000e+02 8.632425100936380602e-01 4.666043438408861155e-01
8.570000000000000000e+02 8.632425100915747107e-01 4.666043438432441737e-01
8.580000000000000000e+02 8.632425100899472348e-01 4.666043438451038528e-01
8.590000000000000000e+02 8.632425100887595182e-01 4.666043438464609339e-01
8.600000000000000000e+02 8.632425100880152247e-01 4.666043438473110316e-01
8.610000000000000000e+02 8.632425100877182400e-01 4.666043438476497607e-01
8.620000000000000000e+02 8.632425100878723390e-01 4.666043438474729022e-01
8.630000000000000000e+02 8.632425100884811853e-01 4.666043438467761262e-01
8.640000000000000000e+02 8.632425100895487757e-01 4.666043438455549919e-01
8.650000000000000000e+02 8.632425100910787741e-01 4.666043438438052249e-01
8.660000000000000000e+02 8.632425100930749551e-01 4.666043438415225508e-01
8.670000000000000000e+02 8.632425100955412045e-01 4.666043438387025288e-01
8.680000000000000000e+02 8.632425100984811861e-01 4.666043438353409400e-01
8.690000000000000000e+02 8.632425101018987856e-01 4.666043438314333991e-01
8.700000000000000000e+02 8.632425101057976669e-01 4.666043438269755761e-01
8.710000000000000000e+02 8.632425101101818266e-01 4.666043438219631412e-01
8.720000000000000000e+02 8.632425101150548175e-01 4.666043438163917645e-01
8.730000000000000000e+02 8.632425101204205253e-01 4.666043438102571717e-01
8.740000000000000000e+02 8.632425101262828360e-01 4.666043438035549218e-01
8.750000000000000000e+02 8.632425101326454131e-01 4.666043437962807960e-01
8.760000000000000000e+02 8.632425101395120315e-01 4.666043437884304090e-01
8.770000000000000000e+02 8.632425101468865769e-01 4.666043437799994309e-01
8.780000000000000000e+02 8.632425101547728241e-01 4.666043437709835318e-01
8.790000000000000000e+02 8.632425101631745479e-01 4.666043437613783817e-01
8.800000000000000000e+02 8.632425101720954119e-01 4.666043437511796510e-01
8.810000000000000000e+02 8.632425101815393020e-01 4.666043437403830652e-01
8.820000000000000000e+02 8.632425101915101040e-01 4.666043437289842388e-01
8.830000000000000000e+02 8.632425102020114815e-01 4.666043437169787866e-01
8.840000000000000000e+02 8.632425102130472094e-01 4.666043437043624897e-01
8.850000000000000000e+02 8.632425102246210624e-01 4.666043436911309628e-01
8.860000000000000000e+02 8.632425102367369263e-01 4.666043436772799313e-01
8.870000000000000000e+02 8.632425102493985758e-01 4.666043436628049546e-01
8.880000000000000000e+02 8.632425102626097857e-01 4.666043436477018136e-01
8.890000000000000000e+02 8.632425102763743308e-01 4.666043436319661231e-01
8.900000000000000000e+02 8.632425102906959857e-01 4.666043436155934976e-01
8.910000000000000000e+02 8.632425103055785254e-01 4.666043435985797738e-01
8.920000000000000000e+02 8.632425103210257245e-01 4.666043435809204554e-01
8.930000000000000000e+02 8.632425103370413577e-01 4.666043435626112679e-01
8.940000000000000000e+02 8.632425103536294220e-01 4.666043435436479370e-01
8.950000000000000000e+02 8.632425103707933589e-01 4.666043435240260218e-01
8.960000000000000000e+02 8.632425103885372764e-01 4.666043435037413034e-01
8.970000000000000000e+02 8.632425104068648380e-01 4.666043434827893965e-01
8.980000000000000000e+02 8.632425104257797077e-01 4.666043434611660268e-01
8.990000000000000000e+02 8.632425104452858822e-01 4.666043434388667532e-01
9.000000000000000000e+02 8.632425104653869141e-01 4.666043434158873571e-01
9.010000000000000000e+02 8.632425104860868004e-01 4.666043433922233974e-01
9.020000000000000000e+02 8.632425105073893157e-01 4.666043433678706553e-01
9.030000000000000000e+02 8.632425105292981238e-01 4.666043433428247456e-01
9.040000000000000000e+02 8.632425105518171105e-01 4.666043433170813937e-01
9.050000000000000000e+02 8.632425105749500505e-01 4.666043432906361588e-01
9.060000000000000000e+02 8.632425105987006075e-01 4.666043432634848220e-01
9.070000000000000000e+02 8.632425106230727785e-01 4.666043432356229426e-01
9.080000000000000000e+02 8.632425106480701160e-01 4.666043432070463015e-01
9.090000000000000000e+02 8.632425106736966169e-01 4.666043431777505690e-01
9.100000000000000000e+02 8.632425106999560560e-01 4.666043431477313042e-01
9.110000000000000000e+02 8.632425107268520970e-01 4.666043431169842326e-01
9.120000000000000000e+02 8.632425107543885145e-01 4.666043430855050800e-01
9.130000000000000000e+02 8.632425107825691946e-01 4.666043430532894609e-01
9.140000000000000000e+02 8.632425108113979118e-01 4.666043430203330455e-01
9.150000000000000000e+02 8.632425108408784409e-01 4.666043429866315595e-01
9.160000000000000000e+02 8.632425108710146677e-01 4.666043429521805619e-01
9.170000000000000000e+02 8.632425109018101450e-01 4.666043429169758339e-01
9.180000000000000000e+02 8.632425109332687585e-01 4.666043428810129901e-01
9.190000000000000000e+02 8.632425109443474520e-01 4.666043428683477323e-01
9.200000000000000000e+02 8.632425109377491745e-01 4.666043428758900324e-01
9.210000000000000000e+02 8.632425109312273914e-01 4.666043428833448470e-01
9.220000000000000000e+02 8.632425109247829909e-01 4.666043428907112323e-01
9.230000000000000000e+02 8.632425109184167500e-01 4.666043428979884111e-01
9.240000000000000000e+02 8.632425109121293350e-01 4.666043429051753844e-01
9.250000000000000000e+02 8.632425109059215229e-01 4.666043429122713748e-01
9.260000000000000000e+02 8.632425108997940910e-01 4.666043429192754943e-01
9.270000000000000000e+02 8.632425108937477054e-01 4.666043429261867992e-01
9.280000000000000000e+02 8.632425108877833653e-01 4.666043429330045678e-01
9.290000000000000000e+02 8.632425108819016257e-01 4.666043429397278008e-01
9.300000000000000000e+02 8.632425108761033750e-01 4.666043429463556658e-01
9.310000000000000000e+02 8.632425108703892791e-01 4.666043429528872744e-01
9.320000000000000000e+02 8.632425108647601153e-01 4.666043429593217939e-01
9.330000000000000000e+02 8.632425108592166607e-01 4.666043429656583363e-01
9.340000000000000000e+02 8.632425108537596925e-01 4.666043429718960689e-01
9.350000000000000000e+02 8.632425108483898768e-01 4.666043429780340479e-01
9.360000000000000000e+02 8.632425108431081018e-01 4.666043429840714407e-01
9.370000000000000000e+02 8.632425108379151446e-01 4.666043429900074146e-01
9.380000000000000000e+02 8.632425108328116714e-01 4.666043429958410260e-01
9.390000000000000000e+02 8.632425108277984593e-01 4.666043430015714422e-01
9.400000000000000000e+02 8.632425108228763966e-01 4.666043430071977749e-01
9.410000000000000000e+02 8.632425108180460382e-01 4.666043430127191360e-01
9.420000000000000000e+02 8.632425108133082725e-01 4.666043430181347484e-01
9.430000000000000000e+02 8.632425108086637655e-01 4.666043430234436684e-01
9.440000000000000000e+02 8.632425108041134054e-01 4.666043430286450078e-01
9.450000000000000000e+02 8.632425107996578584e-01 4.666043430337379339e-01
9.460000000000000000e+02 8.632425107952980126e-01 4.666043430387215585e-01
9.470000000000000000e+02 8.632425107910345341e-01 4.666043430435950490e-01
9.480000000000000000e+02 8.632425107868680891e-01 4.666043430483575172e-01
9.490000000000000000e+02 8.632425107827995658e-01 4.666043430530080194e-01
9.500000000000000000e+02 8.632425107788297414e-01 4.666043430575457784e-01
9.510000000000000000e+02 8.632425107749593929e-01 4.666043430619699062e-01
9.520000000000000000e+02 8.632425107711890755e-01 4.666043430662795144e-01
9.530000000000000000e+02 8.632425107675197884e-01 4.666043430704737149e-01
9.540000000000000000e+02 8.632425107639523087e-01 4.666043430745516196e-01
9.550000000000000000e+02 8.632425107604871917e-01 4.666043430785124513e-01
9.560000000000000000e+02 8.632425107571252143e-01 4.666043430823552662e-01
9.570000000000000000e+02 8.632425107538673759e-01 4.666043430860792318e-01
9.580000000000000000e+02 8.632425107507142314e-01 4.666043430896834598e-01
9.590000000000000000e+02 8.632425107476665582e-01 4.666043430931670066e-01
9.600000000000000000e+02 8.632425107447252444e-01 4.666043430965291505e-01
9.610000000000000000e+02 8.632425107418909560e-01 4.666043430997688923e-01
9.620000000000000000e+02 8.632425107391643593e-01 4.666043431028854549e-01
9.630000000000000000e+02 8.632425107365464534e-01 4.666043431058778945e-01
9.640000000000000000e+02 8.632425107340377934e-01 4.666043431087453786e-01
9.650000000000000000e+02 8.632425107316392676e-01 4.666043431114870188e-01
9.660000000000000000e+02 8.632425107293515421e-01 4.666043431141019271e-01
9.670000000000000000e+02 8.632425107271753939e-01 4.666043431165893263e-01
9.680000000000000000e+02 8.632425107251117113e-01 4.666043431189482171e-01
9.690000000000000000e+02 8.632425107231610495e-01 4.666043431211778225e-01
9.700000000000000000e+02 8.632425107213242965e-01 4.666043431232772543e-01
9.710000000000000000e+02 8.632425107196022296e-01 4.666043431252455687e-01
9.720000000000000000e+02 8.632425107179956258e-01 4.666043431270819886e-01
9.730000000000000000e+02 8.632425107165051514e-01 4.666043431287856258e-01
9.740000000000000000e+02 8.632425107151315835e-01 4.666043431303555922e-01
9.750000000000000000e+02 8.632425107138758102e-01 4.666043431317909995e-01
9.760000000000000000e+02 8.632425107127383868e-01 4.666043431330910152e-01
9.770000000000000000e+02 8.632425107117202012e-01 4.666043431342546954e-01
9.780000000000000000e+02 8.632425107108220308e-01 4.666043431352812632e-01
9.790000000000000000e+02 8.632425107100446526e-01 4.666043431361698302e-01
9.800000000000000000e+02 8.632425107093887329e-01 4.666043431369194527e-01
9.810000000000000000e+02 8.632425107088550487e-01 4.666043431375293538e-01
9.820000000000000000e+02 8.632425107084444882e-01 4.666043431379985895e-01
9.830000000000000000e+02 8.632425107081576066e-01 4.666043431383263274e-01
9.840000000000000000e+02 8.632425107079952920e-01 4.666043431385117346e-01
9.850000000000000000e+02 8.632425107079584325e-01 4.666043431385538121e-01
9.860000000000000000e+02 8.632425107080474724e-01 4.666043431384518381e-01
9.870000000000000000e+02 8.632425107082634108e-01 4.666043431382048690e-01
9.880000000000000000e+02 8.632425107086070248e-01 4.666043431378120165e-01
9.890000000000000000e+02 8.632425107090789806e-01 4.666043431372724481e-01
9.900000000000000000e+02 8.632425107096799444e-01 4.666043431365852756e-01
9.910000000000000000e+02 8.632425107104109152e-01 4.666043431357496107e-01
9.920000000000000000e+02 8.632425107112724483e-01 4.666043431347646209e-01
9.930000000000000000e+02 8.632425107122654317e-01 4.666043431336294178e-01
9.940000000000000000e+02 8.632425107133906428e-01 4.666043431323431689e-01
9.950000000000000000e+02 8.632425107146487475e-01 4.666043431309049305e-01
9.960000000000000000e+02 8.632425107160405231e-01 4.666043431293138699e-01
9.970000000000000000e+02 8.632425107175667467e-01 4.666043431275690989e-01
9.980000000000000000e+02 8.632425107192281954e-01 4.666043431256697849e-01
9.990000000000000000e+02 8.632425107210256465e-01 4.666043431236150396e-01
