0.000000000000000000e+00 0.000000000000000000e+00 0.000000000000000000e+00
1.000000000000000000e+00 1.227188703637967365e-01 -2.326232783059068669e-03
2.000000000000000000e+00 4.152985407438604115e-01 2.288871572628568829e-02
3.000000000000000000e+00 7.899430863988089468e-01 9.466787039374827128e-02
4.000000000000000000e+00 9.169974478366200721e-01 1.948964220292550287e-01
5.000000000000000000e+00 8.961183529230759559e-01 2.906754538221318351e-01
6.000000000000000000e+00 8.428832051278680737e-01 3.719713754030831709e-01
7.000000000000000000e+00 7.812866476351407741e-01 4.378673982643782048e-01
8.000000000000000000e+00 7.143878991798536804e-01 4.889609097119784753e-01
9.000000000000000000e+00 6.404482681238282682e-01 5.258231781220086276e-01
1.000000000000000000e+01 5.543435393120386134e-01 5.485183063186960251e-01
1.100000000000000000e+01 4.439837544648690959e-01 5.560070852410152753e-01
1.200000000000000000e+01 2.764758207669164580e-01 5.445574875623597766e-01
1.300000000000000000e+01 -5.349467098115561620e-02 5.023434365383213640e-01
1.400000000000000000e+01 -7.134878632958669975e-01 3.965330090696737031e-01
1.500000000000000000e+01 -1.046870122150844074e+00 2.234968720899827566e-01
1.600000000000000000e+01 -1.021708538630312635e+00 5.240373539611378750e-02
1.700000000000000000e+01 -9.517589214965971323e-01 -9.529356369724770182e-02
1.800000000000000000e+01 -8.735626575971731089e-01 -2.192000301793610995e-01
1.900000000000000000e+01 -7.877381504875631268e-01 -3.205484354434163796e-01
2.000000000000000000e+01 -6.893635418598176301e-01 -4.001123740224959979e-01
2.100000000000000000e+01 -5.667851939594460431e-01 -4.575301109296011637e-01
2.200000000000000000e+01 -3.885599513053467624e-01 -4.898051807391959889e-01
2.300000000000000000e+01 -4.776547711935742041e-02 -4.859350461938689580e-01
2.400000000000000000e+01 7.004157272928523970e-01 -4.098520700219020485e-01
2.500000000000000000e+01 1.109431452589444200e+00 -2.489236215352927384e-01
2.600000000000000000e+01 1.090589947143395744e+00 -8.538266713255479590e-02
2.700000000000000000e+01 1.033899805449364440e+00 5.677304247115975977e-02
2.800000000000000000e+01 9.746017587392095116e-01 1.778386624399526383e-01
2.900000000000000000e+01 9.144903602315588298e-01 2.796017975110188236e-01
3.000000000000000000e+01 8.531301327067460916e-01 3.637202920264411277e-01
3.100000000000000000e+01 7.896098943976915807e-01 4.316045438237122167e-01
3.200000000000000000e+01 7.224424261083558507e-01 4.843749067209581760e-01
3.300000000000000000e+01 6.490377343030624413e-01 5.227798692377775280e-01
3.400000000000000000e+01 5.643867214867073212e-01 5.470049476762749441e-01
3.500000000000000000e+01 4.573737904247002217e-01 5.561894914792466782e-01
3.600000000000000000e+01 2.985502968124394974e-01 5.470299606098217859e-01
3.700000000000000000e+01 -5.457066221921855892e-03 5.090424610543534678e-01
3.800000000000000000e+01 -6.414137124235438359e-01 4.116773833044947151e-01
3.900000000000000000e+01 -1.039675493798412509e+00 2.422397124168471361e-01
4.000000000000000000e+01 -1.027962665676069864e+00 6.912467152009715843e-02
4.100000000000000000e+01 -9.595000980531841472e-01 -8.109714406255889851e-02
4.200000000000000000e+01 -8.819836421507567525e-01 -2.074134409884474395e-01
4.300000000000000000e+01 -7.971052581239381762e-01 -3.110533718443518891e-01
4.400000000000000000e+01 -7.004090749304604513e-01 -3.928678454110047791e-01
4.500000000000000000e+01 -5.812618331802524851e-01 -4.526561966137391257e-01
4.600000000000000000e+01 -4.115991820216481911e-01 -4.878311937143465227e-01
4.700000000000000000e+01 -9.796365844758797570e-02 -4.887587315906340435e-01
4.800000000000000000e+01 6.114038138457715821e-01 -4.226962205780183668e-01
4.900000000000000000e+01 1.100988531726579511e+00 -2.667801566220578402e-01
5.000000000000000000e+01 1.095854324406605240e+00 -1.013966254855447058e-01
5.100000000000000000e+01 1.039989380465971447e+00 4.303505042987126883e-02
5.200000000000000000e+01 9.807902266555269533e-01 1.662062164577569057e-01
5.300000000000000000e+01 9.207729655908045707e-01 2.698909944141058559e-01
5.400000000000000000e+01 8.595772796808248684e-01 3.557699608072183994e-01
5.500000000000000000e+01 7.963376919575370083e-01 4.252809726721432648e-01
5.600000000000000000e+01 7.296434532442696019e-01 4.795771833350208069e-01
5.700000000000000000e+01 6.570601079370516073e-01 5.194518360493415310e-01
5.800000000000000000e+01 5.739367882547321553e-01 5.451637479997836211e-01
5.900000000000000000e+01 4.701169229901137059e-01 5.560007604602499320e-01
6.000000000000000000e+01 3.192291728596186595e-01 5.490382376478957216e-01
6.100000000000000000e+01 3.872251574782521744e-02 5.149857720312843723e-01
6.200000000000000000e+01 -5.654326308289120417e-01 4.258133710237817504e-01
6.300000000000000000e+01 -1.028258055934198056e+00 2.610271802942562003e-01
6.400000000000000000e+01 -1.033818447695985077e+00 8.610392625645431341e-02
6.500000000000000000e+01 -9.671605020554350229e-01 -6.664282788211776942e-02
6.600000000000000000e+01 -8.903284889997680196e-01 -1.953831715012276371e-01
6.700000000000000000e+01 -8.063496535898370121e-01 -3.013242054879179399e-01
6.800000000000000000e+01 -7.112253997793602789e-01 -3.853880151297197632e-01
6.900000000000000000e+01 -5.952388243742346985e-01 -4.475223176760141919e-01
7.000000000000000000e+01 -4.332739886629059511e-01 -4.855065399431053308e-01
7.100000000000000000e+01 -1.435978859114051820e-01 -4.909027557072025982e-01
7.200000000000000000e+01 5.199635974155045748e-01 -4.343320548145980786e-01
7.300000000000000000e+01 1.087764676079287396e+00 -2.846593113750660042e-01
7.400000000000000000e+01 1.100829107257367934e+00 -1.176490451423441441e-01
7.500000000000000000e+01 1.046057594163773086e+00 2.906762445409937640e-02
7.600000000000000000e+01 9.869710665322348753e-01 1.543641588478865401e-01
7.700000000000000000e+01 9.270432481685534354e-01 2.599887351375794742e-01
7.800000000000000000e+01 8.660028834072545090e-01 3.476436829747132640e-01
7.900000000000000000e+01 8.030291520075797385e-01 4.187939264670930140e-01
8.000000000000000000e+01 7.367828947424377439e-01 4.746246687202477776e-01
8.100000000000000000e+01 6.649733072328951611e-01 5.159721400142638359e-01
8.200000000000000000e+01 5.832759518696887246e-01 5.431641435435777820e-01
8.300000000000000000e+01 4.823932309993537726e-01 5.556250888792794163e-01
8.400000000000000000e+01 3.386576122256446109e-01 5.507703971218290695e-01
8.500000000000000000e+01 7.912732278354547844e-02 5.203641942973290524e-01
8.600000000000000000e+01 -4.883452316696665907e-01 4.389579866331914659e-01
8.700000000000000000e+01 -1.011778660253792150e+00 2.798003638207086641e-01
8.800000000000000000e+01 -1.039185533096349978e+00 1.033387424207553723e-01
8.900000000000000000e+01 -9.747353692499294286e-01 -5.192903925363096668e-02
9.000000000000000000e+01 -8.986002974651181585e-01 -1.831078369370827963e-01
9.100000000000000000e+01 -8.154783789235248159e-01 -2.913603511619272668e-01
9.200000000000000000e+01 -7.218283174534390056e-01 -3.776738114128805335e-01
9.300000000000000000e+01 -6.087592628408766693e-01 -4.421329579178594482e-01
9.400000000000000000e+01 -4.537346843284525977e-01 -4.828467631889608591e-01
9.500000000000000000e+01 -1.851818542337250184e-01 -4.924239619175334592e-01
9.600000000000000000e+01 4.291267916654685766e-01 -4.447342503653189949e-01
9.700000000000000000e+01 1.068429647255215942e+00 -3.024809918786701690e-01
9.800000000000000000e+01 1.105414717318581541e+00 -1.341373374748462133e-01
9.900000000000000000e+01 1.052098745867812601e+00 1.486880378379719717e-02
1.000000000000000000e+02 9.931443067406670044e-01 1.423104829916297387e-01
1.010000000000000000e+02 9.333019165914482329e-01 2.498932597857294047e-01
1.020000000000000000e+02 8.724081173887315854e-01 3.393399890713286737e-01
1.030000000000000000e+02 8.096861799259842396e-01 4.121422818034188862e-01
1.040000000000000000e+02 7.438640846892196068e-01 4.695166837861998177e-01
1.050000000000000000e+02 6.727839198498406503e-01 5.123408117996969269e-01
1.060000000000000000e+02 5.924191715078982456e-01 5.410075389454974681e-01
1.070000000000000000e+02 4.942430791641692633e-01 5.550671854609590117e-01
1.080000000000000000e+02 3.569679284312723411e-01 5.522411251412385758e-01
1.090000000000000000e+02 1.161275083458594426e-01 5.252250519465239131e-01
1.100000000000000000e+02 -4.121838794003800932e-01 4.511001518444091030e-01
1.110000000000000000e+02 -9.891964603981617810e-01 2.984765797316564773e-01
1.120000000000000000e+02 -1.043928754459391595e+00 1.208235165758600321e-01
1.130000000000000000e+02 -9.822153067422163542e-01 -3.695450221503049359e-02
1.140000000000000000e+02 -9.068012085014534041e-01 -1.705860368077779243e-01
1.150000000000000000e+02 -8.244977521537377729e-01 -2.811611089853791601e-01
1.160000000000000000e+02 -7.322321737111372464e-01 -3.697259219199021674e-01
1.170000000000000000e+02 -6.218613693367273099e-01 -4.364919950926013370e-01
1.180000000000000000e+02 -4.731117341329295622e-01 -4.798654369404245501e-01
1.190000000000000000e+02 -2.231920968176911990e-01 -4.933723618909994779e-01
1.200000000000000000e+02 3.413730589131037663e-01 -4.539183479651561215e-01
1.210000000000000000e+02 1.041493958787577778e+00 -3.201432968680933411e-01
1.220000000000000000e+02 1.109476794756768081e+00 -1.508571674093748816e-01
1.230000000000000000e+02 1.058105244298078285e+00 4.367280328413953444e-04
1.240000000000000000e+02 9.993098191060597602e-01 1.300431853226207968e-01
1.250000000000000000e+02 9.395496330295797227e-01 2.396028001380006156e-01
1.260000000000000000e+02 8.787940691487978739e-01 3.308573903530071525e-01
1.270000000000000000e+02 8.163105679971395245e-01 4.053248766964757666e-01
1.280000000000000000e+02 7.508901816211954738e-01 4.642525009240280887e-01
1.290000000000000000e+02 6.804980866096868031e-01 5.085577919481253373e-01
1.300000000000000000e+02 6.013800942982969744e-01 5.386951402872168781e-01
1.310000000000000000e+02 5.057025328139757026e-01 5.543312370955786328e-01
1.320000000000000000e+02 3.742763667467796096e-01 5.534634333842324283e-01
1.330000000000000000e+02 1.500786224868641827e-01 5.296108154203355012e-01
1.340000000000000000e+02 -3.385947372257276933e-01 4.622560931840069554e-01
1.350000000000000000e+02 -9.594791056559850428e-01 3.169568299240052567e-01
1.360000000000000000e+02 -1.047871156391483538e+00 1.385502927579636556e-01
1.370000000000000000e+02 -9.895876228027188359e-01 -2.171806678814763511e-02
1.380000000000000000e+02 -9.149328695389402633e-01 -1.578163070757742648e-01
1.390000000000000000e+02 -8.334136148745315831e-01 -2.707256648952185429e-01
1.400000000000000000e+02 -7.424500469888732912e-01 -3.615448196494606137e-01
1.410000000000000000e+02 -6.345793828670981407e-01 -4.306028006589560642e-01
1.420000000000000000e+02 -4.915187420248128825e-01 -4.765744608735242305e-01
1.430000000000000000e+02 -2.580589350199539167e-01 -4.937917560418991769e-01
1.440000000000000000e+02 2.584399049785850444e-01 -4.619313319873275536e-01
1.450000000000000000e+02 1.005448096062735441e+00 -3.375208679406658252e-01
1.460000000000000000e+02 1.112833095098997083e+00 -1.678018068683614639e-01
1.470000000000000000e+02 1.064066834065244826e+00 -1.423034749528359448e-02
1.480000000000000000e+02 1.005467289885644044e+00 1.175602444775823707e-01
1.490000000000000000e+02 9.457870169951247963e-01 2.291155610265839249e-01
1.500000000000000000e+02 8.851617853658128032e-01 3.221943739344516056e-01
1.510000000000000000e+02 8.229039918969458522e-01 3.983405212412363672e-01
1.520000000000000000e+02 7.578641174213693876e-01 4.588313435540630203e-01
1.530000000000000000e+02 6.881214837716509436e-01 5.046229385603701045e-01
1.540000000000000000e+02 6.101711772038118653e-01 5.362279786038011142e-01
1.550000000000000000e+02 5.168038915448709414e-01 5.534209727894243702e-01
1.560000000000000000e+02 3.906850042419280911e-01 5.544488471631782156e-01
1.570000000000000000e+02 1.813110985071063608e-01 5.335592772042108134e-01
1.580000000000000000e+02 -2.687513443744948827e-01 4.724630809602340387e-01
1.590000000000000000e+02 -9.217449902317537136e-01 3.351266989093319437e-01
1.600000000000000000e+02 -1.050782573650880236e+00 1.565079763533846202e-01
1.610000000000000000e+02 -9.968354155666271366e-01 -6.218854449152313654e-03
1.620000000000000000e+02 -9.229963354602420678e-01 -1.447972060862758314e-01
1.630000000000000000e+02 -8.422313142148855070e-01 -2.600531613679443188e-01
1.640000000000000000e+02 -7.524938937360698965e-01 -3.531308434440742494e-01
1.650000000000000000e+02 -6.469440241997611585e-01 -4.244683660214214616e-01
1.660000000000000000e+02 -5.090549122612518795e-01 -4.729843608087797024e-01
1.670000000000000000e+02 -2.901643254715605691e-01 -4.937204804375138201e-01
1.680000000000000000e+02 1.813307198868699122e-01 -4.688410066929031839e-01
1.690000000000000000e+02 9.590043131739293125e-01 -3.544662196157243317e-01
1.700000000000000000e+02 1.115237911712209984e+00 -1.849615247856965239e-01
1.710000000000000000e+02 1.069969893435579689e+00 -2.913417058224529455e-02
1.720000000000000000e+02 1.011616203980024720e+00 1.048594912112055660e-01
1.730000000000000000e+02 9.520147012565904898e-01 2.184296061026200497e-01
1.740000000000000000e+02 8.915123256959192055e-01 3.133492966838176685e-01
1.750000000000000000e+02 8.294681459118917743e-01 3.911879023593853311e-01
1.760000000000000000e+02 7.647887595497282476e-01 4.532523268057470633e-01
1.770000000000000000e+02 6.956594747615640895e-01 5.005359840147101114e-01
1.780000000000000000e+02 6.188039216070415627e-01 5.336068931604210919e-01
1.790000000000000000e+02 5.275762777256002289e-01 5.523396980492404351e-01
1.800000000000000000e+02 4.062838582359155626e-01 5.552076075401902733e-01
1.810000000000000000e+02 2.101259768409107220e-01 5.371039941757165259e-01
1.820000000000000000e+02 -2.033653480120448109e-01 4.817727566510826009e-01
1.830000000000000000e+02 -8.754478181339440113e-01 3.528599972510730876e-01
1.840000000000000000e+02 -1.052364936866463818e+00 1.746816928428877869e-01
1.850000000000000000e+02 -1.003936415167345997e+00 9.543920688415821751e-03
1.860000000000000000e+02 -9.309921087937853557e-01 -1.315271090293120004e-01
1.870000000000000000e+02 -8.509558449641693167e-01 -2.491425267497124618e-01
1.880000000000000000e+02 -7.623747496108700394e-01 -3.444840517770758059e-01
1.890000000000000000e+02 -6.589827978083080406e-01 -4.180911379801029448e-01
1.900000000000000000e+02 -5.258068865257692348e-01 -4.691042322485712845e-01
1.910000000000000000e+02 -3.198429059205726288e-01 -4.931917640699827188e-01
1.920000000000000000e+02 1.104457574308654044e-01 -4.747257559722380948e-01
1.930000000000000000e+02 9.014247688671358505e-01 -3.708145747732867759e-01
1.940000000000000000e+02 1.116360142665105526e+00 -2.023218818517958650e-01
1.950000000000000000e+02 1.075795951045430465e+00 -4.427596401003309340e-02
1.960000000000000000e+02 1.017755610540056921e+00 9.193900444556664386e-02
1.970000000000000000e+02 9.582331414507698764e-01 2.075431905151763623e-01
1.980000000000000000e+02 8.978465776358697248e-01 3.043206671785355644e-01
1.990000000000000000e+02 8.360044788676743721e-01 3.838658284969239665e-01
2.000000000000000000e+02 7.716666202403222874e-01 4.475146150848694493e-01
2.010000000000000000e+02 7.031168814246484544e-01 4.962966444859067683e-01
2.020000000000000000e+02 6.272887001108322647e-01 5.308326009683003166e-01
2.030000000000000000e+02 5.380457087373803349e-01 5.510903479574587038e-01
2.040000000000000000e+02 4.211519465418295249e-01 5.557487752555366756e-01
2.050000000000000000e+02 2.367930172946775547e-01 5.402745502577399606e-01
2.060000000000000000e+02 -1.427611812338081265e-01 4.902446714006630235e-01
2.070000000000000000e+02 -8.205698701714893017e-01 3.700245461439833350e-01
2.080000000000000000e+02 -1.052234821264370179e+00 1.930510780397022008e-01
2.090000000000000000e+02 -1.010861039625861713e+00 2.557040120468784261e-02
2.100000000000000000e+02 -9.389197746294412061e-01 -1.180045954385823409e-01
2.110000000000000000e+02 -8.595916437385434650e-01 -2.379927900605229851e-01
2.120000000000000000e+02 -7.721026206627832345e-01 -3.356045004746951443e-01
2.130000000000000000e+02 -6.707205041165806847e-01 -4.114733667462897593e-01
2.140000000000000000e+02 -5.418507686360465314e-01 -4.649422432507000491e-01
2.150000000000000000e+02 -3.473866219043735271e-01 -4.922347508422461049e-01
2.160000000000000000e+02 4.575042677905466482e-02 -4.796675668176703100e-01
2.170000000000000000e+02 8.328554601554040149e-01 -3.863951145767768325e-01
2.180000000000000000e+02 1.115757500647130751e+00 -2.198629973520184466e-01
2.190000000000000000e+02 1.081520362818809256e+00 -5.965697419031204540e-02
2.200000000000000000e+02 1.023884279295794730e+00 7.879658107409634460e-02
2.210000000000000000e+02 9.644428706879212276e-01 1.964543097999157661e-01
2.220000000000000000e+02 9.041655182284203951e-01 2.951067715245093703e-01
2.230000000000000000e+02 8.425145146755903536e-01 3.763729063338003278e-01
2.240000000000000000e+02 7.785002657181229191e-01 4.416172232710050549e-01
2.250000000000000000e+02 7.104983913099575110e-01 4.919045041319000666e-01
2.260000000000000000e+02 6.356352183026284797e-01 5.279056507350730065e-01
2.270000000000000000e+02 5.482358282024927254e-01 5.496755212230233223e-01
2.280000000000000000e+02 4.353594097791191886e-01 5.560804458838726205e-01
2.290000000000000000e+02 2.615526133657583019e-01 5.430971648592780587e-01
2.300000000000000000e+02 -8.697018948312543185e-02 4.979416947488813916e-01
2.310000000000000000e+02 -7.577594060418694211e-01 3.864917240881848848e-01
2.320000000000000000e+02 -1.049905058318489459e+00 2.115895006207962059e-01
2.330000000000000000e+02 -1.017570772768038090e+00 4.186053402904347381e-02
2.340000000000000000e+02 -9.467781564548272133e-01 -1.042279956402502455e-01
2.350000000000000000e+02 -8.681428975102929435e-01 -2.266027046830134117e-01
2.360000000000000000e+02 -7.816868558136425005e-01 -3.264919381741306914e-01
2.370000000000000000e+02 -6.821796496428910173e-01 -4.046168350652306622e-01
2.380000000000000000e+02 -5.572535902079598369e-01 -4.605054560806404185e-01
2.390000000000000000e+02 -3.730488843230241325e-01 -4.908747373343226306e-01
2.400000000000000000e+02 -1.306405936291793989e-02 -4.837464039422669226e-01
2.410000000000000000e+02 7.545356454490846909e-01 -4.010452518858536597e-01
2.420000000000000000e+02 1.112844493759985731e+00 -2.375570955615279312e-01
2.430000000000000000e+02 1.087109877668270608e+00 -7.527792281825725074e-02
2.440000000000000000e+02 1.030000384037947248e+00 6.543011372376164592e-02
2.450000000000000000e+02 9.706443101089485825e-01 1.851610116461686051e-01
2.460000000000000000e+02 9.104700376531476014e-01 2.857059303566934494e-01
2.470000000000000000e+02 8.489996696054836756e-01 3.687077658356723298e-01
2.480000000000000000e+02 7.852920409842862881e-01 4.355591667182643345e-01
2.490000000000000000e+02 7.178083005799776872e-01 4.873590996744459614e-01
2.500000000000000000e+02 6.438523639584194935e-01 5.248264720989962440e-01
2.510000000000000000e+02 5.581679357902231686e-01 5.480975079678028772e-01
2.520000000000000000e+02 4.489681087060602982e-01 5.562097960499766680e-01
2.530000000000000000e+02 2.846167770238805517e-01 5.455949055716624585e-01
2.540000000000000000e+02 -3.582593360740272959e-02 5.049260987781980514e-01
2.550000000000000000e+02 -6.883518645516042422e-01 4.021461247211868817e-01
2.560000000000000000e+02 -1.044766158865607641e+00 2.302617627227650232e-01
2.570000000000000000e+02 -1.024014924945570559e+00 5.841343418015997047e-02
2.580000000000000000e+02 -9.545649077201314725e-01 -9.019579556605306081e-02
2.590000000000000000e+02 -8.766133049159906543e-01 -2.149710761376305845e-01
2.600000000000000000e+02 -7.911359745935166998e-01 -3.171460806573344060e-01
2.610000000000000000e+02 -6.933803769639542702e-01 -3.975230876773471755e-01
2.620000000000000000e+02 -5.720742779780285669e-01 -4.558001011649550072e-01
2.630000000000000000e+02 -3.970487973060438658e-01 -4.891337587509959062e-01
2.640000000000000000e+02 -6.645535910105808408e-02 -4.870371529229601260e-01
2.650000000000000000e+02 6.687504853217698386e-01 -4.146268797613720802e-01
2.660000000000000000e+02 1.106858685944754228e+00 -2.553659978307922795e-01
2.670000000000000000e+02 1.092519614678975071e+00 -9.113878744307836455e-02
2.680000000000000000e+02 1.036101342636796652e+00 5.183765854842603549e-02
2.690000000000000000e+02 9.768377252264631716e-01 1.736614488703888681e-01
2.700000000000000000e+02 9.167609045282532065e-01 2.761165418150066109e-01
2.710000000000000000e+02 8.554611978974521191e-01 3.608690919779783957e-01
2.720000000000000000e+02 7.920440749103865308e-01 4.293394580511545877e-01
2.730000000000000000e+02 7.250505402866540550e-01 4.826599360488821877e-01
2.740000000000000000e+02 6.519482020760151153e-01 5.215953894621089271e-01
2.750000000000000000e+02 5.678612376684634144e-01 5.463583334995202323e-01
2.760000000000000000e+02 4.620328046588297877e-01 5.561432120726015338e-01
2.770000000000000000e+02 3.061722131350213538e-01 5.477881451803816582e-01
2.780000000000000000e+02 1.095819053696880235e-02 5.112573658912157315e-01
2.790000000000000000e+02 -6.142381259112392744e-01 4.168952600924784035e-01
2.800000000000000000e+02 -1.036072965465004048e+00 2.490222649806520250e-01
2.810000000000000000e+02 -1.030126816622513042e+00 7.522729569040752240e-02
2.820000000000000000e+02 -9.622761828961416963e-01 -7.590653910046500641e-02
2.830000000000000000e+02 -8.850061227752132886e-01 -2.030966634318881192e-01
2.840000000000000000e+02 -8.004578136518000209e-01 -3.075665310774055028e-01
2.850000000000000000e+02 -7.043411753823863863e-01 -3.901934514085242389e-01
2.860000000000000000e+02 -5.863651653940865627e-01 -4.508317389952276044e-01
2.870000000000000000e+02 -4.195765317245567783e-01 -4.870311952456796711e-01
2.880000000000000000e+02 -1.149443525135101091e-01 -4.896083682742212173e-01
2.890000000000000000e+02 5.784917290893906161e-01 -4.270404136856905675e-01
2.900000000000000000e+02 1.096829271828893448e+00 -2.732387161738694670e-01
2.910000000000000000e+02 1.097689098824710552e+00 -1.072391039627749870e-01
2.920000000000000000e+02 1.042183769509138935e+00 3.801701197721324421e-02
2.930000000000000000e+02 9.830234333086803611e-01 1.619535108286916103e-01
2.940000000000000000e+02 9.230389847785553936e-01 2.663367774164541180e-01
2.950000000000000000e+02 8.619004365872957596e-01 3.528553699519274001e-01
2.960000000000000000e+02 7.987585350089009273e-01 4.229569677199168654e-01
2.970000000000000000e+02 7.322289236245448363e-01 4.778063810986896143e-01
2.980000000000000000e+02 6.599303485789226320e-01 5.182125710453737710e-01
2.990000000000000000e+02 5.773333157844654506e-01 5.444597487821662973e-01
3.000000000000000000e+02 4.746023872149572331e-01 5.558863874439045061e-01
3.010000000000000000e+02 3.263831027376882243e-01 5.496948901916709485e-01
3.020000000000000000e+02 5.373145980263518279e-02 5.169908881505741460e-01
3.030000000000000000e+02 -5.376058196588006100e-01 4.306763917620280435e-01
3.040000000000000000e+02 -1.022943584166785325e+00 2.678130960112337644e-01
3.050000000000000000e+02 -1.035819486732786565e+00 9.229937294279029480e-02
3.060000000000000000e+02 -9.699065835865057217e-01 -6.135866466248941775e-02
3.070000000000000000e+02 -8.933243101319178203e-01 -1.909780418596519480e-01
3.080000000000000000e+02 -8.096596687705560624e-01 -2.977526760779630743e-01
3.090000000000000000e+02 -7.150786872664661731e-01 -3.826288783125147974e-01
3.100000000000000000e+02 -6.001725838704220495e-01 -4.456051052114608502e-01
3.110000000000000000e+02 -4.407966078105228780e-01 -4.845838214643266029e-01
3.120000000000000000e+02 -1.590581145540395369e-01 -4.915212584993575717e-01
3.130000000000000000e+02 4.869420135776805214e-01 -4.382312947596127550e-01
3.140000000000000000e+02 1.081562002870856132e+00 -2.911074093574793631e-01
3.150000000000000000e+02 1.102536328150397482e+00 -1.235770643994406337e-01
3.160000000000000000e+02 1.048242939848107680e+00 2.396625521169669371e-02
3.170000000000000000e+02 9.892015230077010335e-01 1.500352714635391771e-01
3.180000000000000000e+02 9.293049845415193300e-01 2.563649518581319620e-01
3.190000000000000000e+02 8.683185462947365929e-01 3.446651964886187081e-01
3.200000000000000000e+02 8.054373377954973101e-01 4.164106135038969092e-01
3.210000000000000000e+02 7.393469459588944970e-01 4.727977992095989679e-01
3.220000000000000000e+02 6.678057537877243321e-01 5.146781134431798188e-01
3.230000000000000000e+02 5.866000571722774781e-01 5.424032916352277134e-01
3.240000000000000000e+02 4.867202464199590906e-01 5.554443856099369192e-01
3.250000000000000000e+02 3.453932871993597997e-01 5.513310204947824422e-01
3.260000000000000000e+02 9.286428193133464126e-02 5.221771570128010964e-01
3.270000000000000000e+02 -4.606355888390484266e-01 4.434586617830847399e-01
3.280000000000000000e+02 -1.004382180435375416e+00 2.865616175052562165e-01
3.290000000000000000e+02 -1.040978847548192032e+00 1.096251904433578339e-01
3.300000000000000000e+02 -9.774483752554053995e-01 -4.655087436737460893e-02
3.310000000000000000e+02 -9.015702725839158660e-01 -1.786138816727945444e-01
3.320000000000000000e+02 -8.187481765335998807e-01 -2.877039140581105214e-01
3.330000000000000000e+02 -7.256081121429357461e-01 -3.748302234668424160e-01
3.340000000000000000e+02 -6.135376793260095551e-01 -4.401244623376449061e-01
3.350000000000000000e+02 -4.608517690059759087e-01 -4.818064415490054819e-01
3.360000000000000000e+02 -1.992986006171671709e-01 -4.928301489514383960e-01
3.370000000000000000e+02 3.969699716533022782e-01 -4.481898537497761570e-01
3.380000000000000000e+02 1.059658778813548752e+00 -3.088844430362035487e-01
3.390000000000000000e+02 1.106950548950893509e+00 -1.401495459139392996e-01
3.400000000000000000e+02 1.054272558127326009e+00 9.683438260824017707e-03
3.410000000000000000e+02 9.953719802556991736e-01 1.379047072082149050e-01
3.420000000000000000e+02 9.355596069023761618e-01 2.461992875901155287e-01
3.430000000000000000e+02 8.747166724861834552e-01 3.362970835489809129e-01
3.440000000000000000e+02 8.120823599062106934e-01 4.096992559964023339e-01
3.450000000000000000e+02 7.464078505163906918e-01 4.676335009170620172e-01
3.460000000000000000e+02 6.755808213784842975e-01 5.109920209182581274e-01
3.470000000000000000e+02 5.956758955787079257e-01 5.401902953605709490e-01
3.480000000000000000e+02 4.984251139650572870e-01 5.548217223911426910e-01
3.490000000000000000e+02 3.633290695209626664e-01 5.527106033122910489e-01
3.500000000000000000e+02 1.287232846907497841e-01 5.268617628825070787e-01
3.510000000000000000e+02 -3.852376346079204872e-01 4.552414737409545831e-01
3.520000000000000000e+02 -9.793378957750998870e-01 3.051792539469689314e-01
3.530000000000000000e+02 -1.045455753674349397e+00 1.271983617085075680e-01
3.540000000000000000e+02 -9.848911152578107009e-01 -3.148192866448299571e-02
3.550000000000000000e+02 -9.097459851755654858e-01 -1.660027586414786760e-01
3.560000000000000000e+02 -8.277294860199601034e-01 -2.774195039014717423e-01
3.570000000000000000e+02 -7.359433030618236504e-01 -3.667980935280069077e-01
3.580000000000000000e+02 -6.264972887745742236e-01 -4.343935109321310772e-01
3.590000000000000000e+02 -4.798661086734576364e-01 -4.787120069551635271e-01
3.600000000000000000e+02 -2.361263638765247197e-01 -4.935827515992629033e-01
3.610000000000000000e+02 3.107971243797774674e-01 -4.569442519792468183e-01
3.620000000000000000e+02 1.029601640612765490e+00 -3.264595873479917976e-01
3.630000000000000000e+02 1.110781702634854540e+00 -1.569514704315584375e-01
3.640000000000000000e+02 1.060264169621389030e+00 -4.833297317146711958e-03
3.650000000000000000e+02 1.001534630765079203e+00 1.255597772494987940e-01
3.660000000000000000e+02 9.418035150031526248e-01 2.358379805713970434e-01
3.670000000000000000e+02 8.810959126218799176e-01 3.277495135580871244e-01
3.680000000000000000e+02 8.186953618519834386e-01 4.028217030797505704e-01
3.690000000000000000e+02 7.534147789657027472e-01 4.623127257286457903e-01
3.700000000000000000e+02 6.832615614096900769e-01 5.071541915401771572e-01
3.710000000000000000e+02 6.045740885037546031e-01 5.378218968085963780e-01
3.720000000000000000e+02 5.097516682833512780e-01 5.540224112269871437e-01
3.730000000000000000e+02 3.803014107088520945e-01 5.538460950134425076e-01
3.740000000000000000e+02 1.616558398392502760e-01 5.310854566032807700e-01
3.750000000000000000e+02 -3.128912059270793633e-01 4.660494896651649066e-01
3.760000000000000000e+02 -9.468136311530570559e-01 3.235613172836278584e-01
3.770000000000000000e+02 -1.049055561280195281e+00 1.450099815657177604e-01
3.780000000000000000e+02 -9.922206518510640061e-01 -1.615069079304735922e-02
3.790000000000000000e+02 -9.178529178118056686e-01 -1.531431448859060795e-01
3.800000000000000000e+02 -8.366092912676563742e-01 -2.668985556387939440e-01
3.810000000000000000e+02 -7.460969833112445215e-01 -3.585328617178908939e-01
3.820000000000000000e+02 -6.390842820826512227e-01 -4.284154228351997884e-01
3.830000000000000000e+02 -4.979478124171251574e-01 -4.753118499783486883e-01
3.840000000000000000e+02 -2.699542539330426760e-01 -4.938207705715044749e-01
3.850000000000000000e+02 2.298869457209194445e-01 -4.645501533308968867e-01
3.860000000000000000e+02 9.899279227181163598e-01 -3.436990793762301766e-01
3.870000000000000000e+02 1.113826639689224907e+00 -1.739750699684522173e-01
3.880000000000000000e+02 1.066206392742860443e+00 -1.958565048324215074e-02
3.890000000000000000e+02 1.007689068979137126e+00 1.129984515248375621e-01
3.900000000000000000e+02 9.480373092691860570e-01 2.252792226722577784e-01
3.910000000000000000e+02 8.874572885798349686e-01 3.190209544865749147e-01
3.920000000000000000e+02 8.252780084399916616e-01 3.957767454881263580e-01
3.930000000000000000e+02 7.603705804731931694e-01 4.568346709870019229e-01
3.940000000000000000e+02 6.908535046736044016e-01 5.031644463697114711e-01
3.950000000000000000e+02 6.133066919929425209e-01 5.352990577774732195e-01
3.960000000000000000e+02 5.207309958704944286e-01 5.530500236182894769e-01
3.970000000000000000e+02 3.964077777507534206e-01 5.547485305861216132e-01
3.980000000000000000e+02 1.919820382676513670e-01 5.348844403798489466e-01
3.990000000000000000e+02 -2.445978277845467508e-01 4.759258931395599634e-01
4.000000000000000000e+02 -9.060261076726583429e-01 3.415885255893273964e-01
4.010000000000000000e+02 -1.051525428604239476e+00 1.630476455142021164e-01
4.020000000000000000e+02 -9.994183276312390563e-01 -5.563661035373843738e-04
4.030000000000000000e+02 -9.258919145135617867e-01 -1.400335847849001614e-01
4.040000000000000000e+02 -8.453927872822594169e-01 -2.561401783839190593e-01
4.050000000000000000e+02 -7.560807404267909648e-01 -3.500348051538374472e-01
4.060000000000000000e+02 -6.513282161288155292e-01 -4.221930403909588403e-01
4.070000000000000000e+02 -5.151913713787038551e-01 -4.716160190960532184e-01
4.080000000000000000e+02 -3.011469320062011845e-01 -4.935806953021505405e-01
4.090000000000000000e+02 1.550058824895703125e-01 -4.710803247520529702e-01
4.100000000000000000e+02 9.395076801869859384e-01 -3.604484605009793396e-01
4.110000000000000000e+02 1.115811644269032898e+00 -1.912092064417439397e-01
4.120000000000000000e+02 1.072084072104342978e+00 -3.457531031378215103e-02
4.130000000000000000e+02 1.013834685381299616e+00 1.002185454196702213e-01
4.140000000000000000e+02 9.542616128326703029e-01 2.145210585801672620e-01
4.150000000000000000e+02 8.938018541933941963e-01 3.101097481579165316e-01
4.160000000000000000e+02 8.318319590720865131e-01 3.885630558676504420e-01
4.170000000000000000e+02 7.672780540912385039e-01 4.511984319824188794e-01
4.180000000000000000e+02 6.983618671016474933e-01 4.990224893042109477e-01
4.190000000000000000e+02 6.218848571739549191e-01 5.326225627862801737e-01
4.200000000000000000e+02 5.313911147466101603e-01 5.519077256095610284e-01
4.210000000000000000e+02 4.117341249097098421e-01 5.554277168767224326e-01
4.220000000000000000e+02 2.199917241140078306e-01 5.382908073200123322e-01
4.230000000000000000e+02 -1.809187777262925567e-01 4.849258871539381954e-01
4.240000000000000000e+02 -8.565990130952061410e-01 3.591317274889774258e-01
4.250000000000000000e+02 -1.052538585293764095e+00 1.812947137923514862e-01
4.260000000000000000e+02 -1.006459492704649072e+00 1.530167525497336256e-02
4.270000000000000000e+02 -9.338631925864976369e-01 -1.266724733555756599e-01
4.280000000000000000e+02 -8.540847913718478956e-01 -2.451432925246907202e-01
4.290000000000000000e+02 -7.659052449131475981e-01 -3.413039408346765780e-01
4.300000000000000000e+02 -6.632555415053122960e-01 -4.157286887933984154e-01
4.310000000000000000e+02 -5.316793653056407498e-01 -4.676332024708916291e-01
4.320000000000000000e+02 -3.300229631486212845e-01 -4.928941416180054880e-01
4.330000000000000000e+02 8.637781605960018205e-02 -4.766150827045518290e-01
4.340000000000000000e+02 8.778872898889559240e-01 -3.765391398916940191e-01
4.350000000000000000e+02 1.116368707137475935e+00 -2.086375129715740406e-01
4.360000000000000000e+02 1.077876659107112500e+00 -4.980338570302914741e-02
4.370000000000000000e+02 1.019970384469224722e+00 8.721814862834456616e-02
4.380000000000000000e+02 9.604768531045044799e-01 2.035617450677975337e-01
4.390000000000000000e+02 9.001304706376438425e-01 3.010144002779678862e-01
4.400000000000000000e+02 8.383586292031361964e-01 3.811794356457822719e-01
4.410000000000000000e+02 7.741396651721150768e-01 4.454031645045598009e-01
4.420000000000000000e+02 7.057913426420644454e-01 4.947280150707181190e-01
4.430000000000000000e+02 6.303186328852549147e-01 5.297930808796287305e-01
4.440000000000000000e+02 5.417570695299649408e-01 5.505983289440768980e-01
4.450000000000000000e+02 4.263559817240617500e-01 5.558923387054900411e-01
4.460000000000000000e+02 2.459436489243100876e-01 5.413328453042535182e-01
4.470000000000000000e+02 -1.220615810575252785e-01 4.931106496784918858e-01
4.480000000000000000e+02 -7.987443294877565325e-01 3.760587720252084321e-01
4.490000000000000000e+02 -1.051676276480121519e+00 1.997286204899782203e-01
4.500000000000000000e+02 -1.013311515025358434e+00 3.142341569423868358e-02
4.510000000000000000e+02 -9.417660279181885308e-01 -1.130583843623479967e-01
4.520000000000000000e+02 -8.626895927936609754e-01 -2.339068975168908937e-01
4.530000000000000000e+02 -7.755801934613337778e-01 -3.323402684418012010e-01
4.540000000000000000e+02 -6.748901396307082079e-01 -4.090244890727653404e-01
4.550000000000000000e+02 -5.474843992905839007e-01 -4.633711875457163232e-01
4.560000000000000000e+02 -3.568597518783007683e-01 -4.917888235612878356e-01
4.570000000000000000e+02 2.385222159403296155e-02 -4.812361814575627506e-01
4.580000000000000000e+02 8.055947228392144055e-01 -3.918014275259141255e-01
4.590000000000000000e+02 1.115007709825520221e+00 -2.262375270282425688e-01
4.600000000000000000e+02 1.083556697324937090e+00 -6.527096582076154230e-02
4.610000000000000000e+02 1.026094746997412432e+00 7.399507639748592602e-02
4.620000000000000000e+02 9.666835311990829016e-01 1.923992837911665532e-01
4.630000000000000000e+02 9.064440900915883281e-01 2.917331993988435679e-01
4.640000000000000000e+02 8.448595061145918184e-01 3.736244887770132084e-01
4.650000000000000000e+02 7.809579107433078926e-01 4.394478719869759353e-01
4.660000000000000000e+02 7.131464954422291891e-01 4.902805849675754835e-01
4.670000000000000000e+02 6.386174194659731684e-01 5.268111120821030724e-01
4.680000000000000000e+02 5.518516416543954861e-01 5.491243180023596127e-01
4.690000000000000000e+02 4.403404133594822634e-01 5.561501521687601812e-01
4.700000000000000000e+02 2.700678127719208232e-01 5.440356118389261253e-01
4.710000000000000000e+02 -6.797579204996556657e-02 5.005432203473023645e-01
4.720000000000000000e+02 -7.333637471349914172e-01 3.922446977262596390e-01
4.730000000000000000e+02 -1.048409183387419841e+00 2.183199359980360632e-01
4.740000000000000000e+02 -1.019931912488568404e+00 4.780858858488117036e-02
4.750000000000000000e+02 -9.495988829656124564e-01 -9.918964875912478218e-02
4.760000000000000000e+02 -8.712112435252202802e-01 -2.224297207722399916e-01
4.770000000000000000e+02 -7.851146946461325937e-01 -3.231434935278446607e-01
4.780000000000000000e+02 -6.862537567347906098e-01 -4.020821304054377765e-01
4.790000000000000000e+02 -5.626705799460198776e-01 -4.588367411950094454e-01
4.800000000000000000e+02 -3.818980292164076973e-01 -4.902888519562024761e-01
4.810000000000000000e+02 -3.294617012498776698e-02 -4.850221004387419987e-01
4.820000000000000000e+02 7.242681270990686260e-01 -4.060798804027908604e-01
4.830000000000000000e+02 1.111083224389469049e+00 -2.439781668317434482e-01
4.840000000000000000e+02 1.089087215294967992e+00 -8.097864486747367863e-02
4.850000000000000000e+02 1.032205741065818971e+00 6.054717746025902597e-02
4.860000000000000000e+02 9.728820623657559175e-01 1.810316738776563961e-01
4.870000000000000000e+02 9.127436112729498952e-01 2.822644221306110368e-01
4.880000000000000000e+02 8.513360020178246668e-01 3.658968052929611470e-01
4.890000000000000000e+02 7.877351185487310170e-01 4.333315293983653893e-01
4.900000000000000000e+02 7.204315439648858455e-01 4.856796969642011574e-01
4.910000000000000000e+02 6.467898714117276127e-01 5.236770328288633536e-01
4.920000000000000000e+02 5.616954123233314222e-01 5.474878778652462197e-01
4.930000000000000000e+02 4.537466899948860988e-01 5.562080419618296023e-01
4.940000000000000000e+02 2.925668804580660032e-01 5.464211727830232679e-01
4.950000000000000000e+02 -1.844351430647917650e-02 5.072850971730169523e-01
4.960000000000000000e+02 -6.620162017557740253e-01 4.075814217359852720e-01
4.970000000000000000e+02 -1.042079900590357822e+00 2.370299917077497986e-01
4.980000000000000000e+02 -1.026264739945206728e+00 6.445604612021135771e-02
4.990000000000000000e+02 -9.573589168028289187e-01 -8.506473574276755822e-02
5.000000000000000000e+02 -8.796532956526245117e-01 -2.107105207725745166e-01
5.010000000000000000e+02 -7.945170039721889399e-01 -3.137132604908561273e-01
5.020000000000000000e+02 -6.973658330116255799e-01 -3.949030321311103320e-01
5.030000000000000000e+02 -5.772942465003070289e-01 -4.540357806292233400e-01
5.040000000000000000e+02 -4.053457640868924905e-01 -4.884151734875955553e-01
5.050000000000000000e+02 -8.450555422141493855e-02 -4.880454359838185541e-01
5.060000000000000000e+02 6.365002858850408174e-01 -4.192488113634817437e-01
5.070000000000000000e+02 1.103760623816337771e+00 -2.618167773328884951e-01
5.080000000000000000e+02 1.094418133671820170e+00 -9.692608376039346663e-02
5.090000000000000000e+02 1.038300451081849873e+00 4.687256783995395748e-02
5.100000000000000000e+02 9.790726617472073068e-01 1.694571046771136125e-01
5.110000000000000000e+02 9.190297599602573753e-01 2.726064947476291023e-01
5.120000000000000000e+02 8.577893256790417587e-01 3.579950919932691211e-01
5.130000000000000000e+02 7.944733269827793931e-01 4.270531669524817997e-01
5.140000000000000000e+02 7.276502960708893797e-01 4.809248496223071934e-01
5.150000000000000000e+02 6.548438094317765579e-01 5.203911347201888304e-01
5.160000000000000000e+02 5.713068711239793762e-01 5.456909380938791410e-01
5.170000000000000000e+02 4.666272255696141680e-01 5.560721254494502830e-01
5.180000000000000000e+02 3.136188301243048593e-01 5.485089695689226996e-01
5.190000000000000000e+02 2.684980360800612309e-02 5.133943131306403229e-01
5.200000000000000000e+02 -5.867345566050716776e-01 4.219864782407562465e-01
5.210000000000000000e+02 -1.031892987334271705e+00 2.558088040412421216e-01
5.220000000000000000e+02 -1.032236499010485087e+00 8.136351860512562595e-02
5.230000000000000000e+02 -9.650417012912494430e-01 -7.068228162322549857e-02
5.240000000000000000e+02 -8.880188264707660206e-01 -1.987481007124143884e-01
5.250000000000000000e+02 -8.037946644578792821e-01 -3.040491840465543993e-01
5.260000000000000000e+02 -7.082440719761455838e-01 -3.874884511543178478e-01
5.270000000000000000e+02 -5.914053748304713976e-01 -4.489736147824727186e-01
5.280000000000000000e+02 -4.273833297775123663e-01 -4.861862316381189153e-01
5.290000000000000000e+02 -1.313541548879431642e-01 -4.903721525880896936e-01
5.300000000000000000e+02 5.454152916959119635e-01 -4.312245524935248708e-01
5.310000000000000000e+02 1.091988917263492231e+00 -2.796967427786999916e-01
5.320000000000000000e+02 1.099481947818180982e+00 -1.131124150222229258e-01
5.330000000000000000e+02 1.044375063783953284e+00 3.296910577063202896e-02
5.340000000000000000e+02 9.852555835799642336e-01 1.576734987618519379e-01
5.350000000000000000e+02 9.253033630771118068e-01 2.627576128728251192e-01
5.360000000000000000e+02 8.642207702835996708e-01 3.499178486817623446e-01
5.370000000000000000e+02 8.011746522761591383e-01 4.206116506128300125e-01
5.380000000000000000e+02 7.348064569498921061e-01 4.760154007066300097e-01
5.390000000000000000e+02 6.627866006083078521e-01 5.169535568228463829e-01
5.400000000000000000e+02 5.807029975264934585e-01 5.437351760031342573e-01
5.410000000000000000e+02 4.790288640092242867e-01 5.557478674383621309e-01
5.420000000000000000e+02 3.333803738815595552e-01 5.503162394428008364e-01
5.430000000000000000e+02 6.826521735678693636e-02 5.189246020932858361e-01
5.440000000000000000e+02 -5.097382382449265892e-01 4.354087171956694813e-01
5.450000000000000000e+02 -1.016921296471116953e+00 2.745934932060757339e-01
5.460000000000000000e+02 -1.037751345252471147e+00 9.852779154785151761e-02
5.470000000000000000e+02 -9.726411142122944886e-01 -5.604072558110417823e-02
5.480000000000000000e+02 -8.963106504374849237e-01 -1.865409949091869912e-01
5.490000000000000000e+02 -8.129548263056152191e-01 -2.941505966441391173e-01
5.500000000000000000e+02 -7.189047450269998585e-01 -3.798392809473948306e-01
5.510000000000000000e+02 -6.050485449558442586e-01 -4.436548144698993501e-01
5.520000000000000000e+02 -4.481672629095111993e-01 -4.836181000531857288e-01
5.530000000000000000e+02 -1.740131476044333991e-01 -4.920610295381776522e-01
5.540000000000000000e+02 4.541333402955211040e-01 -4.419693558670509947e-01
5.550000000000000000e+02 1.074495117780983389e+00 -2.975436292481211109e-01
5.560000000000000000e+02 1.104187473191920787e+00 -1.295355698857968141e-01
5.570000000000000000e+02 1.050424407210944100e+00 1.883472467646350040e-02
5.580000000000000000e+02 9.914309348484934281e-01 1.456787818225282471e-01
5.590000000000000000e+02 9.315651905785692355e-01 2.527159624223628276e-01
5.600000000000000000e+02 8.706315472928508603e-01 3.416635631410852025e-01
5.610000000000000000e+02 8.078410650926044489e-01 4.140058245699987927e-01
5.620000000000000000e+02 7.419035026916438458e-01 4.709506610893993139e-01
5.630000000000000000e+02 6.706250665720983051e-01 5.133643411565039782e-01
5.640000000000000000e+02 5.898991999756607596e-01 5.416220424846982517e-01
5.650000000000000000e+02 4.909933294143624671e-01 5.552401278523947381e-01
5.660000000000000000e+02 3.519888399720768613e-01 5.518581894798354481e-01
5.670000000000000000e+02 1.061741792684314095e-01 5.239247057984622868e-01
5.680000000000000000e+02 -4.331357271111509477e-01 4.478286578061498879e-01
5.690000000000000000e+02 -9.961397658641902852e-01 2.933058441699794572e-01
5.700000000000000000e+02 -1.042683589015412249e+00 1.159438240520311303e-01
5.710000000000000000e+02 -9.801485175960964469e-01 -4.113873192032795056e-02
5.720000000000000000e+02 -9.045310500521572816e-01 -1.740877916613568221e-01
5.730000000000000000e+02 -8.220039458297377921e-01 -2.840168050616762585e-01
5.740000000000000000e+02 -7.293625054837076238e-01 -3.719562339784449057e-01
5.750000000000000000e+02 -6.182631681379409105e-01 -4.380833564413836312e-01
5.760000000000000000e+02 -4.678330746581608190e-01 -4.807247898621867521e-01
5.770000000000000000e+02 -2.129702918941195899e-01 -4.931638080020133152e-01
5.780000000000000000e+02 3.653168200364060869e-01 -4.514880394495432991e-01
5.790000000000000000e+02 1.049824187542062193e+00 -3.152616302160300421e-01
5.800000000000000000e+02 1.108410826433702923e+00 -1.461915539739352121e-01
5.810000000000000000e+02 1.056441383202661122e+00 4.467694071435100375e-03
5.820000000000000000e+02 9.975985815022320180e-01 1.334710842351830573e-01
5.830000000000000000e+02 9.378158415933360859e-01 2.424798921413988395e-01
5.840000000000000000e+02 8.770227052404550028e-01 3.332308505844482904e-01
5.850000000000000000e+02 8.144742968751726986e-01 4.072346142477422104e-01
5.860000000000000000e+02 7.489445381454711281e-01 4.657299592779932107e-01
5.870000000000000000e+02 6.783653635860734665e-01 5.096234748827754846e-01
5.880000000000000000e+02 5.989093826483935512e-01 5.393528060654181333e-01
5.890000000000000000e+02 5.025577211226102126e-01 5.545532284415664037e-01
5.900000000000000000e+02 3.695645312888168887e-01 5.531482482636443931e-01
5.910000000000000000e+02 1.409373296109673879e-01 5.284383658893662128e-01
5.920000000000000000e+02 -3.586945500957544053e-01 4.592553968916057716e-01
5.930000000000000000e+02 -9.685018944291087228e-01 3.118512221250701044e-01
5.940000000000000000e+02 -1.046868854383397940e+00 1.336042268600037830e-01
5.950000000000000000e+02 -9.875521465177381497e-01 -2.597523685731845805e-02
5.960000000000000000e+02 -9.126817424823491232e-01 -1.613871487747308708e-01
5.970000000000000000e+02 -8.309479234735890341e-01 -2.736471117417631493e-01
5.980000000000000000e+02 -7.396306939746226661e-01 -3.638399106106932068e-01
5.990000000000000000e+02 -6.310845344430957571e-01 -4.322628228941499673e-01
6.000000000000000000e+02 -4.864988085232907489e-01 -4.775187182436972377e-01
6.010000000000000000e+02 -2.486694612823898143e-01 -4.937260428701665815e-01
6.020000000000000000e+02 2.809151082503227315e-01 -4.598200973298770533e-01
6.030000000000000000e+02 1.016452222014348150e+00 -3.327321278042255082e-01
6.040000000000000000e+02 1.111984665947600481e+00 -1.630745578325923650e-01
6.050000000000000000e+02 1.062416629226862419e+00 -1.013391681936118977e-02
6.060000000000000000e+02 1.003758312399691155e+00 1.210482630721299302e-01
6.070000000000000000e+02 9.440560170109132399e-01 2.320475069639859056e-01
6.080000000000000000e+02 8.833953628799405822e-01 3.246181114081973518e-01
6.090000000000000000e+02 8.210761345725707816e-01 4.002967582905401223e-01
6.100000000000000000e+02 7.559326542216657785e-01 4.603524860793326012e-01
6.110000000000000000e+02 6.860134023598077890e-01 5.057308119672602187e-01
6.120000000000000000e+02 6.077464184558157845e-01 5.369285314158795952e-01
6.130000000000000000e+02 5.137554351113992057e-01 5.536910194576096789e-01
6.140000000000000000e+02 3.862134920958199547e-01 5.541983627583431105e-01
6.150000000000000000e+02 1.728931967734326780e-01 5.325047151311491644e-01
6.160000000000000000e+02 -2.877209829418492237e-01 4.697211900820052466e-01
6.170000000000000000e+02 -9.330666385455406164e-01 3.301195031533600832e-01
6.180000000000000000e+02 -1.050093269295163667e+00 1.514990896480052918e-01
6.190000000000000000e+02 -9.948364993265421674e-01 -1.054909023401737547e-02
6.200000000000000000e+02 -9.207640640043910363e-01 -1.484374604733284808e-01
6.210000000000000000e+02 -8.397923595880814052e-01 -2.630405433626494260e-01
6.220000000000000000e+02 -7.497217151131693180e-01 -3.554905905903925634e-01
6.230000000000000000e+02 -6.435444138810889614e-01 -4.261962296781471871e-01
6.240000000000000000e+02 -5.042676065740971936e-01 -4.740107201487350208e-01
6.250000000000000000e+02 -2.815061573076138579e-01 -4.937874907293473004e-01
6.260000000000000000e+02 2.021258393196607439e-01 -4.670285865350760623e-01
6.270000000000000000e+02 9.729997397452760932e-01 -3.498134495157729784e-01
6.280000000000000000e+02 1.114682833432766751e+00 -1.801757902010349688e-01
6.290000000000000000e+02 1.068337568416071859e+00 -2.497186478717202535e-02
6.300000000000000000e+02 1.009909681959549221e+00 1.084081858380804425e-01
6.310000000000000000e+02 9.502863457717002360e-01 2.214169066361688365e-01
6.320000000000000000e+02 8.897505804010474861e-01 3.158237380099993552e-01
6.330000000000000000e+02 8.276482669030251760e-01 3.931909813541954457e-01
6.340000000000000000e+02 7.628707259259202011e-01 4.548173859033832200e-01
6.350000000000000000e+02 6.935746082946607771e-01 5.016861178384269815e-01
6.360000000000000000e+02 6.164220496322878606e-01 5.343501088834062829e-01
6.370000000000000000e+02 5.246164452584081150e-01 5.526569211890569600e-01
6.380000000000000000e+02 4.020288515011436470e-01 5.550191048864446808e-01
6.390000000000000000e+02 2.023510249871444677e-01 5.361584185100779498e-01
6.400000000000000000e+02 -2.210498297111230248e-01 4.792743009845544799e-01
6.410000000000000000e+02 -8.891748661771422535e-01 3.479871841738710336e-01
6.420000000000000000e+02 -1.052079167292681028e+00 1.696146128748816928e-01
6.430000000000000000e+02 -1.001980886226311318e+00 5.140463815059569813e-03
6.440000000000000000e+02 -9.287786393675097063e-01 -1.352372040957865451e-01
6.450000000000000000e+02 -8.485422971625883326e-01 -2.521961288022765424e-01
6.460000000000000000e+02 -7.596467871692235141e-01 -3.469084362018171053e-01
6.470000000000000000e+02 -6.556710640647813726e-01 -4.198861784676702902e-01
6.480000000000000000e+02 -5.212292778940204041e-01 -4.702102620887598783e-01
6.490000000000000000e+02 -3.118275502739447647e-01 -4.933826981126969713e-01
6.500000000000000000e+02 1.295007167122307623e-01 -4.731897357143924343e-01
6.510000000000000000e+02 9.185410573346501906e-01 -3.663446650985429098e-01
6.520000000000000000e+02 1.116200262063170356e+00 -1.974821319687074250e-01
6.530000000000000000e+02 1.074187168309352014e+00 -4.004742610201329767e-02
6.540000000000000000e+02 1.016051827372858263e+00 9.554894639429516168e-02
6.550000000000000000e+02 9.565072914471623999e-01 2.105863640695835315e-01
6.560000000000000000e+02 8.960892499795689581e-01 3.068462555872710218e-01
6.570000000000000000e+02 8.341921618015949447e-01 3.859161065729362350e-01
6.580000000000000000e+02 7.697613014963924361e-01 4.491238407887077622e-01
6.590000000000000000e+02 7.010539038129496303e-01 4.974891347950793352e-01
6.600000000000000000e+02 6.249468936427184929e-01 5.316182993847641258e-01
6.610000000000000000e+02 5.351675180901672713e-01 5.514539686386433770e-01
6.620000000000000000e+02 4.170924363308490257e-01 5.556198396983906829e-01
6.630000000000000000e+02 2.295890887335440833e-01 5.394300978251904688e-01
6.640000000000000000e+02 -1.591040906247409570e-01 4.879725891198110066e-01
6.650000000000000000e+02 -8.366446952880949306e-01 3.653228689324143907e-01
6.660000000000000000e+02 -1.052468622844233259e+00 1.879320093225049226e-01
6.670000000000000000e+02 -1.008957896056908998e+00 2.109368848441611419e-02
6.680000000000000000e+02 -9.367252850113677587e-01 -1.217849582876157077e-01
6.690000000000000000e+02 -8.572022884564899359e-01 -2.411129154043887834e-01
6.700000000000000000e+02 -7.694161471125138263e-01 -3.380935402607141982e-01
6.710000000000000000e+02 -6.674900061150553787e-01 -4.133350091936679460e-01
6.720000000000000000e+02 -5.374626768125946308e-01 -4.661257899013969141e-01
6.730000000000000000e+02 -3.399370908421442405e-01 -4.925419242274684528e-01
6.740000000000000000e+02 6.310847553854097292e-02 -4.783852070156662806e-01
6.750000000000000000e+02 8.529474211830646579e-01 -3.821553753512807461e-01
6.760000000000000000e+02 1.116128537130572029e+00 -2.149754659853440053e-01
6.770000000000000000e+02 1.079942716896117538e+00 -5.536191724028978467e-02
6.780000000000000000e+02 1.022183634155533705e+00 8.246836220792112815e-02
6.790000000000000000e+02 9.627193944337146814e-01 1.995538987213063553e-01
6.800000000000000000e+02 9.024123515954753927e-01 2.976839718763018561e-01
6.810000000000000000e+02 8.407093561032111806e-01 3.784707613373133328e-01
6.820000000000000000e+02 7.766069933479781140e-01 4.432708884822283979e-01
6.830000000000000000e+02 7.084560387630501888e-01 4.931394681093526633e-01
6.840000000000000000e+02 6.333308902619240177e-01 5.287336933996991117e-01
6.850000000000000000e+02 5.454329714606580559e-01 5.500848510255680335e-01
6.860000000000000000e+02 4.314768221927791636e-01 5.560089294905806723e-01
6.870000000000000000e+02 2.548559444321957801e-01 5.423468927460113331e-01
6.880000000000000000e+02 -1.019863111006139023e-01 4.958784730970679511e-01
6.890000000000000000e+02 -7.759311298828750481e-01 3.819960490528487851e-01
6.900000000000000000e+02 -1.050805284836268116e+00 2.064266516706252663e-01
6.910000000000000000e+02 -1.015731867680271128e+00 3.731068587718604918e-02
6.920000000000000000e+02 -9.446031117279269917e-01 -1.080790536514389805e-01
6.930000000000000000e+02 -8.657766444723112853e-01 -2.297896780186945431e-01
6.940000000000000000e+02 -7.790394044560000619e-01 -3.290456990026103812e-01
6.950000000000000000e+02 -6.790244161995806493e-01 -4.065446098142270204e-01
6.960000000000000000e+02 -5.530373151970245926e-01 -4.617646541059610144e-01
6.970000000000000000e+02 -3.660985061772834559e-01 -4.912914864045706542e-01
6.980000000000000000e+02 2.702288966375046564e-03 -4.826959284520011551e-01
6.990000000000000000e+02 7.771466162151671186e-01 -3.970790952707025645e-01
7.000000000000000000e+02 1.113925376591033078e+00 -2.326304647696547379e-01
7.010000000000000000e+02 1.085573656258150610e+00 -7.091624375859376106e-02
7.020000000000000000e+02 1.028303463756112812e+00 6.916427893011990735e-02
7.030000000000000000e+02 9.689231153321111734e-01 1.883175268376985345e-01
7.040000000000000000e+02 9.087208094806781267e-01 2.883351838399865197e-01
7.050000000000000000e+02 8.472013019099774445e-01 3.708535574986289163e-01
7.060000000000000000e+02 7.834101924342647960e-01 4.372575297799413119e-01
7.070000000000000000e+02 7.157854453148404517e-01 4.886366634643908857e-01
7.080000000000000000e+02 6.415831333974699735e-01 5.256967448970374379e-01
7.090000000000000000e+02 5.554347360711717752e-01 5.485519377196073076e-01
7.100000000000000000e+02 4.452460236175936337e-01 5.561937894867180487e-01
7.110000000000000000e+02 2.783712120782251276e-01 5.449327042913891805e-01
7.120000000000000000e+02 -4.957649426343804788e-02 5.030546638266887305e-01
7.130000000000000000e+02 -7.081855338015731194e-01 3.978865926251603513e-01
7.140000000000000000e+02 -1.046515261211069747e+00 2.250658860098678216e-01
7.150000000000000000e+02 -1.022255694334998077e+00 5.379079373676004527e-02
7.160000000000000000e+02 -9.524100824390679954e-01 -9.411794636951444082e-02
7.170000000000000000e+02 -8.742691728758862357e-01 -2.182252176209797390e-01
7.180000000000000000e+02 -7.885252564269297215e-01 -3.197646376460820949e-01
7.190000000000000000e+02 -6.902950117678912090e-01 -3.995165778902723397e-01
7.200000000000000000e+02 -5.680141516481833630e-01 -4.571332805524236931e-01
7.210000000000000000e+02 -3.905398054751633707e-01 -4.896542373489864985e-01
7.220000000000000000e+02 -5.214407259376729192e-02 -4.861983426285459986e-01
7.230000000000000000e+02 6.931558692361273755e-01 -4.109692345408519909e-01
7.240000000000000000e+02 1.108880816109131029e+00 -2.504119764730718400e-01
7.250000000000000000e+02 1.091038624398791068e+00 -8.671049624620660867e-02
7.260000000000000000e+02 1.034408926195073741e+00 5.563479958114212615e-02
7.270000000000000000e+02 9.751187236883368525e-01 1.768754515693487517e-01
7.280000000000000000e+02 9.150153789958965778e-01 2.787983343390796898e-01
7.290000000000000000e+02 8.536692514199222259e-01 3.630632224468798852e-01
7.300000000000000000e+02 7.901730306936954884e-01 4.310828209791206511e-01
7.310000000000000000e+02 7.230460771757938332e-01 4.839802551060532476e-01
7.320000000000000000e+02 6.497118635119478736e-01 5.225078188424673309e-01
7.330000000000000000e+02 5.651925103413008022e-01 5.468573254324485822e-01
7.340000000000000000e+02 4.584566352308884207e-01 5.561810111501103160e-01
7.350000000000000000e+02 3.003281662555278286e-01 5.472085876366248325e-01
7.360000000000000000e+02 -1.614976370699603564e-03 5.095615302116902612e-01
7.370000000000000000e+02 -6.351664288796914359e-01 4.128947107669365124e-01
7.380000000000000000e+02 -1.038891718028932987e+00 2.438070890660514745e-01
7.390000000000000000e+02 -1.028467553999949047e+00 7.053239149704713939e-02
7.400000000000000000e+02 -9.601427676102263220e-01 -7.990024482391933081e-02
7.410000000000000000e+02 -8.826832128569190861e-01 -2.064183751377777210e-01
7.420000000000000000e+02 -7.978816583222371195e-01 -3.102500462527038039e-01
7.430000000000000000e+02 -7.013206376848118984e-01 -3.922523351762470800e-01
7.440000000000000000e+02 -5.824472210142449535e-01 -4.522374350618995065e-01
7.450000000000000000e+02 -4.134587325775496147e-01 -4.876502747510137459e-01
7.460000000000000000e+02 -1.019408516159342470e-01 -4.889628733259275828e-01
7.470000000000000000e+02 6.038183494113205096e-01 -4.237145243230860392e-01
7.480000000000000000e+02 1.100084468302682916e+00 -2.682729351204768964e-01
7.490000000000000000e+02 1.096281940850294623e+00 -1.027443880844084306e-01
7.500000000000000000e+02 1.040496886799795906e+00 4.187776409255679344e-02
7.510000000000000000e+02 9.813065351556301552e-01 1.652256117998170404e-01
7.520000000000000000e+02 9.212969116099772870e-01 2.690716387148341382e-01
7.530000000000000000e+02 8.601145384482411504e-01 3.550982778948744700e-01
7.540000000000000000e+02 7.968976950820947369e-01 4.247456561020436228e-01
7.550000000000000000e+02 7.302418141152403619e-01 4.791696425994710351e-01
7.560000000000000000e+02 6.577248451024023668e-01 5.191671263893581356e-01
7.570000000000000000e+02 5.747243344060424253e-01 5.450028435702740648e-01
7.580000000000000000e+02 4.711591110492415746e-01 5.559764782990523901e-01
7.590000000000000000e+02 3.208971272150444864e-01 5.491932028499653118e-01
7.600000000000000000e+02 4.223515719934543139e-02 5.154557432011217522e-01
7.610000000000000000e+02 -5.590090786093702135e-01 4.269490764446923214e-01
7.620000000000000000e+02 -1.027089947020126015e+00 2.625960976736602670e-01
7.630000000000000000e+02 -1.034286799418323799e+00 8.753311096807893377e-02
7.640000000000000000e+02 -9.677962979230586571e-01 -6.542434698802358783e-02
7.650000000000000000e+02 -8.910218486911288815e-01 -1.943677220801209582e-01
7.660000000000000000e+02 -8.071161305798241203e-01 -3.005013302790847107e-01
7.670000000000000000e+02 -7.121185616481846559e-01 -3.847529257537177783e-01
7.680000000000000000e+02 -5.963845474706571670e-01 -4.470820894050562266e-01
7.690000000000000000e+02 -4.350267503644962841e-01 -4.852971044368663556e-01
7.700000000000000000e+02 -1.472177631666152786e-01 -4.910528561917060220e-01
7.710000000000000000e+02 5.123179867598051107e-01 -4.352477528112694283e-01
7.720000000000000000e+02 1.086403990276936904e+00 -2.861506641194879741e-01
7.730000000000000000e+02 1.101228449156335998e+00 -1.190166405679620731e-01
7.740000000000000000e+02 1.046563084672614607e+00 2.789107486766978852e-02
7.750000000000000000e+02 9.874867446136615934e-01 1.533659473920467031e-01
7.760000000000000000e+02 9.275662075506519999e-01 2.591533017494838109e-01
7.770000000000000000e+02 8.665384076262828694e-01 3.469572318950162049e-01
7.780000000000000000e+02 8.035862286818701294e-01 4.182449063438221093e-01
7.790000000000000000e+02 7.373762719484449057e-01 4.742041741902829899e-01
7.800000000000000000e+02 6.656292337749611931e-01 5.156747734996482979e-01
7.810000000000000000e+02 5.840465896200229823e-01 5.429900848957224246e-01
7.820000000000000000e+02 4.833983368184998630e-01 5.555854247751449426e-01
7.830000000000000000e+02 3.402273713131567789e-01 5.509030002303165752e-01
7.840000000000000000e+02 8.234159180436806391e-02 5.207892036746544218e-01
7.850000000000000000e+02 -4.819256147821801561e-01 4.400100011183080140e-01
7.860000000000000000e+02 -1.010141509494341783e+00 2.813645605888503431e-01
7.870000000000000000e+02 -1.039607576573542858e+00 1.047890263769924446e-01
7.880000000000000000e+02 -9.753636334832754828e-01 -5.068885227083200218e-02
7.890000000000000000e+02 -8.992876546642954994e-01 -1.820718784568514104e-01
7.900000000000000000e+02 -8.162354806253799833e-01 -2.905178631281910007e-01
7.910000000000000000e+02 -7.227043352757758221e-01 -3.770191989211140182e-01
7.920000000000000000e+02 -6.098685949182272026e-01 -4.416715801178851541e-01
7.930000000000000000e+02 -4.553921423323469830e-01 -4.826099745018766485e-01
7.940000000000000000e+02 -1.884854996551888762e-01 -4.925243842160544894e-01
7.950000000000000000e+02 4.216538568699699230e-01 -4.455470673852836572e-01
7.960000000000000000e+02 1.066493037615013240e+00 -3.039631283392659200e-01
7.970000000000000000e+02 1.105776056167773413e+00 -1.355243411214840099e-01
7.980000000000000000e+02 1.052601628578986759e+00 1.367295192401790649e-02
7.990000000000000000e+02 9.936593025259746748e-01 1.412946006938521071e-01
8.000000000000000000e+02 9.338238895398598416e-01 2.490416887249284061e-01
8.010000000000000000e+02 8.729419454455291660e-01 3.386387197788205961e-01
8.020000000000000000e+02 8.102404184864968606e-01 4.115795187632615981e-01
8.030000000000000000e+02 7.444526970831748525e-01 4.690832132696670098e-01
8.040000000000000000e+02 6.734315111729457515e-01 5.120308082000601946e-01
8.050000000000000000e+02 5.931740302787850139e-01 5.408204440986708050e-01
8.060000000000000000e+02 4.952141865333355431e-01 5.550125056472007268e-01
8.070000000000000000e+02 3.584496680319219086e-01 5.523524986694406946e-01
8.080000000000000000e+02 1.190736301833798805e-01 5.256087972633216587e-01
8.090000000000000000e+02 -4.059228707371119182e-01 4.520687807371683853e-01
8.100000000000000000e+02 -9.870023043445701472e-01 3.000282839059308371e-01
8.110000000000000000e+02 -1.044291257231038328e+00 1.222942109358060997e-01
8.120000000000000000e+02 -9.828350486198963454e-01 -3.569260348244703007e-02
8.130000000000000000e+02 -9.074826642646339758e-01 -1.695295283719795154e-01
8.140000000000000000e+02 -8.252459242879514045e-01 -2.802990085189233649e-01
8.150000000000000000e+02 -7.330920946266115124e-01 -3.690518793585460533e-01
8.160000000000000000e+02 -6.229372803560675464e-01 -4.360098086448233046e-01
8.170000000000000000e+02 -4.746839563908959447e-01 -4.796023833832811500e-01
8.180000000000000000e+02 -2.262173040743079011e-01 -4.934270196270545972e-01
8.190000000000000000e+02 3.342471562878454039e-01 -4.546311924422699047e-01
8.200000000000000000e+02 1.038853532821335302e+00 -3.216066924143534123e-01
8.210000000000000000e+02 1.109786840406912889e+00 -1.522631428854017144e-01
8.220000000000000000e+02 1.058604768253100348e+00 -7.786030508660137656e-04
8.230000000000000000e+02 9.998241340057811843e-01 1.290094404285862251e-01
8.240000000000000000e+02 9.400706909055882576e-01 2.387349233081388633e-01
8.250000000000000000e+02 8.793263036938804289e-01 3.301411624512439191e-01
8.260000000000000000e+02 8.168621182315998208e-01 4.047482578006351694e-01
8.270000000000000000e+02 7.514742901549615883e-01 4.638059833849436653e-01
8.280000000000000000e+02 6.811378499784310758e-01 5.082351390868767860e-01
8.290000000000000000e+02 6.021202662941385064e-01 5.384951000600034510e-01
8.300000000000000000e+02 5.066425001991707866e-01 5.542618721172100082e-01
8.310000000000000000e+02 3.756791889636193482e-01 5.535546039632018855e-01
8.320000000000000000e+02 1.527854375179312774e-01 5.299566538326588860e-01
8.330000000000000000e+02 -3.326084811905045124e-01 4.631437953844292910e-01
8.340000000000000000e+02 -9.566462260631070080e-01 3.184871254005683383e-01
8.350000000000000000e+02 -1.048157230489867642e+00 1.400406634711528486e-01
8.360000000000000000e+02 -9.901976634066197436e-01 -2.043432507291824060e-02
8.370000000000000000e+02 -9.156085687911769133e-01 -1.567390906212697554e-01
8.380000000000000000e+02 -8.341533644185973317e-01 -2.698438532626720732e-01
8.390000000000000000e+02 -7.432949720146948547e-01 -3.608513660749281815e-01
8.400000000000000000e+02 -6.356246886733668555e-01 -4.301000810879433423e-01
8.410000000000000000e+02 -4.930146842649013039e-01 -4.762861029661155654e-01
8.420000000000000000e+02 -2.608398158520542909e-01 -4.938041157888578003e-01
8.430000000000000000e+02 2.517710116521610919e-01 -4.625493464998151061e-01
8.440000000000000000e+02 1.001983597818678628e+00 -3.389541897994311492e-01
8.450000000000000000e+02 1.113074236538431405e+00 -1.692262413787901931e-01
8.460000000000000000e+02 1.064562085296254956e+00 -1.546544304924098862e-02
8.470000000000000000e+02 1.005980939127421925e+00 1.165083449206487237e-01
8.480000000000000000e+02 9.463072678979145280e-01 2.282311236396614984e-01
8.490000000000000000e+02 8.856925719496928640e-01 3.214629720739779484e-01
8.500000000000000000e+02 8.234530726889333074e-01 3.977498732376356094e-01
8.510000000000000000e+02 7.584440438631329107e-01 4.583716625374318898e-01
8.520000000000000000e+02 6.887539563740400217e-01 5.042875879025476848e-01
8.530000000000000000e+02 6.108977419909008555e-01 5.360150531813799857e-01
8.540000000000000000e+02 5.177153667934987213e-01 5.533372110027132695e-01
8.550000000000000000e+02 3.920170093945339884e-01 5.545207301112256015e-01
8.560000000000000000e+02 1.838050923169174122e-01 5.338702036414207930e-01
8.570000000000000000e+02 -2.631157314612999620e-01 4.732737873276934848e-01
8.580000000000000000e+02 -9.182120277640866135e-01 3.366255640359158141e-01
8.590000000000000000e+02 -1.050970224113206397e+00 1.580170717295745764e-01
8.600000000000000000e+02 -9.974341822652317280e-01 -4.913088433575204736e-03
8.610000000000000000e+02 -9.236664032379706679e-01 -1.436990600685266462e-01
8.620000000000000000e+02 -8.429631255065120898e-01 -2.591514810646274314e-01
8.630000000000000000e+02 -7.533248238230058069e-01 -3.524179273008580249e-01
8.640000000000000000e+02 -6.479610721436519505e-01 -4.239452536539396466e-01
8.650000000000000000e+02 -5.104821871205932338e-01 -4.726714184971810284e-01
8.660000000000000000e+02 -2.927302604560174659e-01 -4.936933920189283120e-01
8.670000000000000000e+02 1.751736828039918703e-01 -4.693702866439816157e-01
8.680000000000000000e+02 9.546285999882136997e-01 -3.558560585729266257e-01
8.690000000000000000e+02 1.115385930573534745e+00 -1.864032046301538070e-01
8.700000000000000000e+02 1.070459451663992034e+00 -3.038898167525531241e-02
8.710000000000000000e+02 1.012129057614743033e+00 1.037894129610929667e-01
8.720000000000000000e+02 9.525341198561350087e-01 2.175285781158052822e-01
8.730000000000000000e+02 8.920416750816945184e-01 3.126026931834403055e-01
8.740000000000000000e+02 8.300147998876850064e-01 3.905832090063822704e-01
8.750000000000000000e+02 7.653646133220444181e-01 4.527794622654628953e-01
8.760000000000000000e+02 6.962849752987413376e-01 5.001879436709540938e-01
8.770000000000000000e+02 6.195176800923969385e-01 5.333811609328655834e-01
8.780000000000000000e+02 5.284614464824414215e-01 5.522417991214427779e-01
8.790000000000000000e+02 4.075518465214822417e-01 5.552609801470348438e-01
8.800000000000000000e+02 2.124305654125170917e-01 5.373825715973160611e-01
8.810000000000000000e+02 -1.981215200371239660e-01 4.825111134417582326e-01
8.820000000000000000e+02 -8.711909165223873375e-01 3.543163460386188346e-01
8.830000000000000000e+02 -1.052425536030570763e+00 1.762078687199040150e-01
8.840000000000000000e+02 -1.004521606090087227e+00 1.087160352982512353e-02
8.850000000000000000e+02 -9.316564638660387310e-01 -1.304080251678052804e-01
8.860000000000000000e+02 -8.516800289905352983e-01 -2.482209893263822020e-01
8.870000000000000000e+02 -7.631924700018699603e-01 -3.437517542507009249e-01
8.880000000000000000e+02 -6.599737590224613593e-01 -4.175479025600445926e-01
8.890000000000000000e+02 -5.271722231024593697e-01 -4.687674933150698386e-01
8.900000000000000000e+02 -3.222199830493267525e-01 -4.931278857089463896e-01
8.910000000000000000e+02 1.048114423020178876e-01 -4.751732121788903029e-01
8.920000000000000000e+02 8.961117650755813235e-01 -3.721468690598805362e-01
8.930000000000000000e+02 1.116382851682514277e+00 -2.037795261389054868e-01
8.940000000000000000e+02 1.076278067814145922e+00 -4.555072074715454250e-02
8.950000000000000000e+02 1.018267630895925535e+00 9.085046692688139580e-02
8.960000000000000000e+02 9.587518218478341403e-01 2.066253242650553101e-01
8.970000000000000000e+02 8.983746202994300489e-01 3.035586524236680850e-01
8.980000000000000000e+02 8.365488860462544363e-01 3.832469157548298866e-01
8.990000000000000000e+02 7.722387177000796799e-01 4.470284536247327578e-01
9.000000000000000000e+02 7.037358884723887709e-01 4.959358622811602113e-01
9.010000000000000000e+02 6.279905811925119430e-01 5.305941071122334263e-01
9.020000000000000000e+02 5.389066995891936829e-01 5.509785420348536356e-01
9.030000000000000000e+02 4.223622856310903506e-01 5.557843711945654741e-01
9.040000000000000000e+02 2.389297052060165572e-01 5.405231433510276906e-01
9.050000000000000000e+02 -1.379210815092020981e-01 4.909159595088509187e-01
9.060000000000000000e+02 -8.156160817258939488e-01 3.714275495987684472e-01
9.070000000000000000e+02 -1.052132053421360736e+00 1.945925506691180973e-01
9.080000000000000000e+02 -1.011430002304285702e+00 2.692015901739791550e-02
9.090000000000000000e+02 -9.395784373887869911e-01 -1.168643216142578323e-01
9.100000000000000000e+02 -8.603086485075379652e-01 -2.370512024498645509e-01
9.110000000000000000e+02 -7.729080422527927485e-01 -3.348527369594598291e-01
9.120000000000000000e+02 -6.716874564316783758e-01 -4.109101252084795264e-01
9.130000000000000000e+02 -5.431602324152379202e-01 -4.645823091997265397e-01
9.140000000000000000e+02 -3.495976271182809625e-01 -4.921363341016171122e-01
9.150000000000000000e+02 4.062127015218826992e-02 -4.800400287958127010e-01
9.160000000000000000e+02 8.266652906536594569e-01 -3.876558171661300678e-01
9.170000000000000000e+02 1.115611971309990347e+00 -2.213346952642543664e-01
9.180000000000000000e+02 1.081992668172459648e+00 -6.095182109824068273e-02
9.190000000000000000e+02 1.024395356457289630e+00 7.768935246424388263e-02
9.200000000000000000e+02 9.649608770538806723e-01 1.955193955982049980e-01
9.210000000000000000e+02 9.046923594065514607e-01 2.943291671372094132e-01
9.220000000000000000e+02 8.430568314222496307e-01 3.757396286906767857e-01
9.230000000000000000e+02 7.790688250485308108e-01 4.411176646662098855e-01
9.240000000000000000e+02 7.111113096860341987e-01 4.915309324768213362e-01
9.250000000000000000e+02 6.363260197941016383e-01 5.276544282304205247e-01
9.260000000000000000e+02 5.490745415085845904e-01 5.495500082856911161e-01
9.270000000000000000e+02 4.365175534717622430e-01 5.560988946372483754e-01
9.280000000000000000e+02 2.635401071818733731e-01 5.433178078100415753e-01
9.290000000000000000e+02 -8.252628134643932856e-02 4.985511673970736690e-01
9.300000000000000000e+02 -7.521946940848661667e-01 3.878310951171583532e-01
9.310000000000000000e+02 -1.049592988739919797e+00 2.131436853965398281e-01
9.320000000000000000e+02 -1.018119753766391522e+00 4.323232488048630445e-02
9.330000000000000000e+02 -9.474309877825249915e-01 -1.030663997860943315e-01
9.340000000000000000e+02 -8.688530474703635154e-01 -2.256409659592050476e-01
9.350000000000000000e+02 -7.824807170991000538e-01 -3.257206861512713103e-01
9.360000000000000000e+02 -6.831242769791953107e-01 -4.040337101176494361e-01
9.370000000000000000e+02 -5.585122837749758595e-01 -4.601228454361332987e-01
9.380000000000000000e+02 -3.751130970089275318e-01 -4.907436797243643345e-01
9.390000000000000000e+02 -1.772141163164588432e-02 -4.840502402361490653e-01
9.400000000000000000e+02 7.476223494881139020e-01 -4.022215052662110324e-01
9.410000000000000000e+02 1.112474355608962240e+00 -2.390399071686846177e-01
9.420000000000000000e+02 1.087569056868985529e+00 -7.659272547897204297e-02
9.430000000000000000e+02 1.030510280023908321e+00 6.430416453922638276e-02
9.440000000000000000e+02 9.711616032077200478e-01 1.842090095420420570e-01
9.450000000000000000e+02 9.109956768780331782e-01 2.849126971468133318e-01
9.460000000000000000e+02 8.495399275053340249e-01 3.680600948342149237e-01
9.470000000000000000e+02 7.858571514030405769e-01 4.350461769478934371e-01
9.480000000000000000e+02 7.184153797644413642e-01 4.869727300240599410e-01
9.490000000000000000e+02 6.445326932459557456e-01 5.245625674428464613e-01
9.500000000000000000e+02 5.589859557021917835e-01 5.479584702124021822e-01
9.510000000000000000e+02 4.500787736918148707e-01 5.562116503395180267e-01
9.520000000000000000e+02 2.864714118821453104e-01 5.457893706117741273e-01
9.530000000000000000e+02 -3.175836352805164187e-02 5.054787943174360310e-01
9.540000000000000000e+02 -6.823161174902587778e-01 4.034130226450692858e-01
9.550000000000000000e+02 -1.044187776444903681e+00 2.318251415383976721e-01
9.560000000000000000e+02 -1.024538848823529635e+00 5.980702328379909616e-02
9.570000000000000000e+02 -9.552115566750768449e-01 -8.901284887040583627e-02
9.580000000000000000e+02 -8.773168218402709329e-01 -2.139891608228749464e-01
9.590000000000000000e+02 -7.919188815475696197e-01 -3.163553702907497267e-01
9.600000000000000000e+02 -6.943042772454189882e-01 -3.969202520851348170e-01
9.610000000000000000e+02 -5.732868164767703778e-01 -4.553953579105653460e-01
9.620000000000000000e+02 -3.989831962880323601e-01 -4.889718325149493006e-01
9.630000000000000000e+02 -7.068318292341752018e-02 -4.872784191181234736e-01
9.640000000000000000e+02 6.613429936366885808e-01 -4.157088519601183640e-01
9.650000000000000000e+02 1.106191176577074442e+00 -2.568563073485317649e-01
9.660000000000000000e+02 1.092961298933727621e+00 -9.247362487039428869e-02
9.670000000000000000e+02 1.036609840615969169e+00 5.069273041717376610e-02
9.680000000000000000e+02 9.773543725718688568e-01 1.726921215711301472e-01
9.690000000000000000e+02 9.172854488472251822e-01 2.753074777056544464e-01
9.700000000000000000e+02 8.559995533365566400e-01 3.602068587332086236e-01
9.710000000000000000e+02 7.926059701976000404e-01 4.288129147536476338e-01
9.720000000000000000e+02 7.256521459153852938e-01 4.822606953570654498e-01
9.730000000000000000e+02 6.526187611660335675e-01 5.213188076958575889e-01
9.740000000000000000e+02 5.686601582348717043e-01 5.462059225178476085e-01
9.750000000000000000e+02 4.631003653538649512e-01 5.561289763747122583e-01
9.760000000000000000e+02 3.079086629557165611e-01 5.479580405087599582e-01
9.770000000000000000e+02 1.467716600732333308e-02 5.117581211221161608e-01
9.780000000000000000e+02 -6.079064235939525274e-01 4.180833382670335330e-01
9.790000000000000000e+02 -1.035159781301626891e+00 2.505906104300217874e-01
9.800000000000000000e+02 -1.030619443602620589e+00 7.664259558079394852e-02
9.810000000000000000e+02 -9.629163464785477355e-01 -7.470203726805897670e-02
9.820000000000000000e+02 -8.857033224106692915e-01 -2.020943977755768617e-01
9.830000000000000000e+02 -8.012304542930984708e-01 -3.067562715340771407e-01
9.840000000000000000e+02 -7.052458201221336598e-01 -3.895709566167069315e-01
9.850000000000000000e+02 -5.875356576078961668e-01 -4.504052528021338930e-01
9.860000000000000000e+02 -4.213958392645128503e-01 -4.868398695324215320e-01
9.870000000000000000e+02 -1.187870619303973974e-01 -4.897924403010906480e-01
9.880000000000000000e+02 5.708559225581713026e-01 -4.280217897217014622e-01
9.890000000000000000e+02 1.095773285580224243e+00 -2.747315623839357568e-01
9.900000000000000000e+02 1.098107375522066498e+00 -1.085938865235947098e-01
9.910000000000000000e+02 1.042690534491887089e+00 3.685292971352310820e-02
9.920000000000000000e+02 9.835394520944918950e-01 1.609666867335376450e-01
9.930000000000000000e+02 9.235625061686975057e-01 2.655117324345737106e-01
9.940000000000000000e+02 8.624369896931286528e-01 3.521784490389558986e-01
9.950000000000000000e+02 7.993173990097377501e-01 4.224167767355605507e-01
9.960000000000000000e+02 7.328253869345989768e-01 4.773942174653008075e-01
9.970000000000000000e+02 6.605917644963475999e-01 5.179233256851381029e-01
9.980000000000000000e+02 5.781145291916026663e-01 5.442941026928541648e-01
9.990000000000000000e+02 4.756306708705222430e-01 5.558565101448662560e-01
