4.080000000000000000e+02
7.480000000000000000e+02
1.930000000000000000e+02
1.840000000000000000e+02
9.000000000000000000e+02
2.810000000000000000e+02
9.010000000000000000e+02
1.490000000000000000e+02
8.800000000000000000e+01
4.350000000000000000e+02
7.090000000000000000e+02
2.320000000000000000e+02
8.210000000000000000e+02
1.230000000000000000e+02
6.340000000000000000e+02
4.450000000000000000e+02
5.960000000000000000e+02
4.000000000000000000e+02
1.150000000000000000e+02
6.260000000000000000e+02
8.480000000000000000e+02
8.330000000000000000e+02
2.380000000000000000e+02
3.820000000000000000e+02
8.780000000000000000e+02
6.040000000000000000e+02
1.520000000000000000e+02
4.370000000000000000e+02
9.850000000000000000e+02
2.470000000000000000e+02
3.500000000000000000e+01
6.140000000000000000e+02
2.570000000000000000e+02
9.500000000000000000e+02
9.120000000000000000e+02
5.450000000000000000e+02
5.950000000000000000e+02
3.830000000000000000e+02
9.400000000000000000e+02
6.790000000000000000e+02
6.080000000000000000e+02
4.130000000000000000e+02
4.530000000000000000e+02
2.040000000000000000e+02
3.860000000000000000e+02
8.030000000000000000e+02
5.930000000000000000e+02
3.420000000000000000e+02
1.300000000000000000e+01
8.240000000000000000e+02
1.040000000000000000e+02
6.170000000000000000e+02
1.960000000000000000e+02
6.250000000000000000e+02
8.920000000000000000e+02
9.200000000000000000e+02
3.020000000000000000e+02
7.100000000000000000e+02
7.200000000000000000e+02
3.790000000000000000e+02
6.550000000000000000e+02
4.150000000000000000e+02
4.410000000000000000e+02
3.140000000000000000e+02
1.480000000000000000e+02
4.640000000000000000e+02
5.380000000000000000e+02
2.790000000000000000e+02
4.380000000000000000e+02
1.120000000000000000e+02
3.300000000000000000e+01
8.100000000000000000e+02
3.460000000000000000e+02
1.210000000000000000e+02
7.500000000000000000e+01
6.150000000000000000e+02
1.130000000000000000e+02
1.900000000000000000e+02
8.170000000000000000e+02
4.510000000000000000e+02
2.340000000000000000e+02
7.240000000000000000e+02
9.640000000000000000e+02
8.900000000000000000e+01
1.730000000000000000e+02
9.090000000000000000e+02
5.300000000000000000e+02
6.440000000000000000e+02
7.000000000000000000e+01
3.920000000000000000e+02
2.950000000000000000e+02
7.000000000000000000e+00
4.810000000000000000e+02
7.170000000000000000e+02
6.100000000000000000e+01
2.000000000000000000e+01
2.450000000000000000e+02
2.640000000000000000e+02
4.390000000000000000e+02
4.600000000000000000e+02
1.740000000000000000e+02
5.740000000000000000e+02
7.490000000000000000e+02
8.620000000000000000e+02
2.530000000000000000e+02
9.390000000000000000e+02
8.270000000000000000e+02
2.850000000000000000e+02
4.800000000000000000e+01
5.000000000000000000e+01
7.750000000000000000e+02
2.330000000000000000e+02
5.040000000000000000e+02
1.400000000000000000e+01
6.300000000000000000e+01
7.250000000000000000e+02
8.310000000000000000e+02
2.550000000000000000e+02
9.740000000000000000e+02
3.100000000000000000e+02
7.050000000000000000e+02
2.710000000000000000e+02
3.290000000000000000e+02
5.540000000000000000e+02
7.520000000000000000e+02
6.800000000000000000e+02
8.360000000000000000e+02
5.520000000000000000e+02
9.790000000000000000e+02
4.980000000000000000e+02
9.440000000000000000e+02
1.550000000000000000e+02
8.520000000000000000e+02
8.860000000000000000e+02
6.500000000000000000e+02
2.420000000000000000e+02
3.890000000000000000e+02
9.270000000000000000e+02
3.650000000000000000e+02
7.400000000000000000e+01
8.440000000000000000e+02
7.080000000000000000e+02
8.500000000000000000e+02
5.500000000000000000e+02
8.560000000000000000e+02
5.100000000000000000e+02
3.250000000000000000e+02
2.700000000000000000e+01
6.900000000000000000e+01
9.730000000000000000e+02
8.260000000000000000e+02
4.860000000000000000e+02
2.540000000000000000e+02
2.580000000000000000e+02
4.360000000000000000e+02
4.950000000000000000e+02
1.170000000000000000e+02
7.760000000000000000e+02
2.120000000000000000e+02
5.440000000000000000e+02
7.510000000000000000e+02
7.930000000000000000e+02
7.900000000000000000e+01
2.600000000000000000e+02
6.160000000000000000e+02
8.760000000000000000e+02
6.070000000000000000e+02
7.960000000000000000e+02
3.380000000000000000e+02
3.400000000000000000e+02
1.440000000000000000e+02
7.350000000000000000e+02
3.750000000000000000e+02
4.200000000000000000e+01
8.720000000000000000e+02
8.660000000000000000e+02
5.840000000000000000e+02
4.750000000000000000e+02
6.380000000000000000e+02
3.100000000000000000e+01
8.140000000000000000e+02
1.390000000000000000e+02
2.510000000000000000e+02
9.060000000000000000e+02
1.380000000000000000e+02
8.080000000000000000e+02
4.180000000000000000e+02
8.680000000000000000e+02
1.200000000000000000e+01
5.820000000000000000e+02
9.260000000000000000e+02
9.110000000000000000e+02
9.480000000000000000e+02
6.650000000000000000e+02
9.600000000000000000e+02
6.400000000000000000e+01
6.810000000000000000e+02
2.260000000000000000e+02
4.710000000000000000e+02
3.620000000000000000e+02
6.500000000000000000e+01
1.060000000000000000e+02
7.120000000000000000e+02
3.170000000000000000e+02
5.570000000000000000e+02
8.600000000000000000e+01
9.500000000000000000e+01
3.720000000000000000e+02
4.250000000000000000e+02
2.840000000000000000e+02
3.660000000000000000e+02
8.250000000000000000e+02
3.280000000000000000e+02
7.440000000000000000e+02
9.620000000000000000e+02
2.630000000000000000e+02
8.160000000000000000e+02
5.690000000000000000e+02
3.480000000000000000e+02
5.010000000000000000e+02
2.720000000000000000e+02
7.280000000000000000e+02
6.400000000000000000e+02
4.240000000000000000e+02
5.720000000000000000e+02
5.630000000000000000e+02
1.610000000000000000e+02
4.030000000000000000e+02
5.210000000000000000e+02
2.940000000000000000e+02
6.600000000000000000e+01
9.900000000000000000e+01
6.700000000000000000e+02
4.840000000000000000e+02
4.040000000000000000e+02
4.320000000000000000e+02
6.520000000000000000e+02
7.130000000000000000e+02
8.600000000000000000e+02
3.710000000000000000e+02
1.670000000000000000e+02
5.580000000000000000e+02
2.500000000000000000e+02
8.950000000000000000e+02
1.260000000000000000e+02
1.880000000000000000e+02
9.750000000000000000e+02
1.890000000000000000e+02
5.400000000000000000e+01
1.790000000000000000e+02
0.000000000000000000e+00
9.990000000000000000e+02
